"No","Ch1","Ch2","Ch3","Ch4"
21566,0.196634083375934,0.0959614850883127,0.33782506483915,0.369579366696604
21567,0.0542872260343157,0.28715511728181,0.404071481407464,0.25448617527641
21568,0.26532258177989,0.414260780839557,0.0850252524842064,0.235391384896346
21569,0.559886987952431,0.083037120157597,0.143459213272221,0.213616678617751
21570,0.121798273569666,0.288192390631873,0.500350561998436,0.0896587738000249
21571,0.0991957386758568,0.570307263431626,0.134139204851199,0.196357793041318
21572,0.157105714281204,0.0579289342032279,0.516086274275833,0.268879077239735
21573,0.112552830745537,0.128612368899221,0.188889909181099,0.569944891174143
21574,0.148378858786634,0.272487390981606,0.391873324598166,0.187260425633593
21575,0.0585568920228334,0.0691677966167091,0.642106269099453,0.230169042261005
21576,0.224628780761369,0.221192672038477,0.284315418723371,0.269863128476783
21577,0.22277477787059,0.11637340578401,0.550875539943886,0.109976276401513
21578,0.32407901527662,0.260172914626548,0.176908923727739,0.238839146369093
21579,0.120945116564015,0.161788448187528,0.15996387002632,0.557302565222137
21580,0.0677082360616888,0.448036640218226,0.197224585759782,0.287030537960303
21581,0.444112623297081,0.0860397396417382,0.149898069286091,0.31994956777509
21582,0.0943014456881883,0.150699858545054,0.410608913846144,0.344389781920614
21583,0.193968480318217,0.128889577598511,0.194909911310801,0.482232030772472
21584,0.219306719164161,0.268946846896016,0.114211683528203,0.397534750411621
21585,0.289658371721929,0.238642394258561,0.135664309098514,0.336034924920996
21586,0.178278148721451,0.43451329963604,0.177290716709301,0.209917834933208
21587,0.0637556033861354,0.453044361188422,0.215951215132343,0.267248820293099
21588,0.0678727478441884,0.0985486345874756,0.498445478110503,0.335133139457833
21589,0.162061411564489,0.0721805100035881,0.493336243682348,0.272421834749574
21590,0.0678623640046758,0.127815933668189,0.512130834723346,0.292190867603789
21591,0.0505334025948979,0.211899846208268,0.39348799702021,0.344078754176624
21592,0.120345112780389,0.243240741061443,0.0797454822675042,0.556668663890663
21593,0.467865425630063,0.182247503239344,0.141804441553511,0.208082629577082
21594,0.100549517999667,0.122216695841734,0.263550442449645,0.513683343708954
21595,0.262525025791757,0.174016260160013,0.0744642164123369,0.488994497635894
21596,0.150194030932452,0.573991971987719,0.0774200948628725,0.198393902216957
21597,0.343553687374779,0.259066592958681,0.0902892542909857,0.307090465375555
21598,0.0798913645059147,0.366746115780431,0.345208183991507,0.208154335722147
21599,0.232668872354399,0.358411622838813,0.234670238957074,0.174249265849715
21600,0.104908091182368,0.155830265690958,0.102609669886974,0.6366519732397
21601,0.0759866815008726,0.190369826763833,0.147233282321929,0.586410209413365
21602,0.0484766317338443,0.454275156848201,0.294070567369447,0.203177644048508
21603,0.397884427722842,0.0742432393415086,0.145655981551331,0.382216351384319
21604,0.0642851134365031,0.206722837659574,0.414865931762169,0.314126117141754
21605,0.185620234449703,0.0610552730143245,0.516132507144299,0.237191985391674
21606,0.232766482215251,0.0484331147925689,0.336912299806956,0.381888103185224
21607,0.525656545399365,0.102322633687421,0.0630713434789138,0.308949477434301
21608,0.256244178557572,0.473453747254918,0.033355803216697,0.236946270970813
21609,0.0664791475087388,0.060505016336614,0.4703199112498,0.402695924904847
21610,0.285237343689326,0.372696677491594,0.0443768924252291,0.297689086393851
21611,0.0559467716221742,0.0970195827195254,0.45970512689118,0.38732851876712
21612,0.45006021326249,0.121494496779533,0.300235638576961,0.128209651381016
21613,0.0508141957035945,0.186714581788541,0.380233503358372,0.382237719149492
21614,0.0712384111274326,0.409211477932814,0.271634898593487,0.247915212346266
21615,0.318393043817732,0.360352743586151,0.033743001285337,0.287511211310779
21616,0.205936281181333,0.0296200083500029,0.562298843607638,0.202144866861026
21617,0.222778692631479,0.305579328080145,0.205170882559719,0.266471096728657
21618,0.214199643027055,0.0979357301838868,0.27701945103107,0.410845175757988
21619,0.177559021201726,0.12389104303814,0.10200989809433,0.596540037665804
21620,0.0765003038134054,0.577134023517296,0.0546333358017756,0.291732336867523
21621,0.14264699770351,0.396469003536318,0.1754116301634,0.285472368596772
21622,0.122059440696024,0.27026176274798,0.111428330158801,0.496250466397195
21623,0.396747811986553,0.313863487683789,0.0981062264622765,0.191282473867382
21624,0.522639543615474,0.219597675853134,0.0986148333480452,0.159147947183346
21625,0.116471571467255,0.121283371969526,0.472970411127277,0.289274645435942
21626,0.545615370721746,0.101492571643259,0.137196234102688,0.215695823532307
21627,0.119043178273252,0.220630922071193,0.421718544131254,0.238607355524302
21628,0.20199473145836,0.515203037762658,0.141802948380833,0.140999282398149
21629,0.520170434957492,0.144059036599885,0.111360900044056,0.224409628398566
21630,0.180680485299591,0.148007204291173,0.213637885425504,0.457674424983731
21631,0.144587933690195,0.0746527551967926,0.684649043215282,0.0961102678977309
21632,0.103881247294279,0.227094212314071,0.451690131207091,0.217334409184559
21633,0.186242175565963,0.303750638810401,0.18574554428276,0.324261641340876
21634,0.182073140624435,0.603281600044629,0.105232845377243,0.109412413953693
21635,0.0642557785489486,0.636800086871868,0.180808508775965,0.118135625803218
21636,0.531878316186997,0.183051710492704,0.111999211039052,0.173070762281247
21637,0.495448605901986,0.258324749915401,0.0904715522057913,0.155755091976822
21638,0.144969528537699,0.384798204792225,0.347649281445835,0.122582985224241
21639,0.230912958574211,0.470226459841793,0.145865002124891,0.152995579459105
21640,0.44170424207252,0.276165352874458,0.148265996899063,0.133864408153958
21641,0.234436314995829,0.201746873969566,0.468105089633202,0.0957117214014024
21642,0.462690421124501,0.174421235582075,0.17161286502239,0.191275478271034
21643,0.0654214280956399,0.215941542843679,0.536113129979017,0.182523899081664
21644,0.292080807506045,0.269396834733209,0.163485241211464,0.275037116549282
21645,0.0991049584163135,0.610896458329218,0.140855618260762,0.149142964993706
21646,0.164185943190995,0.202361224102111,0.455169847010599,0.178282985696295
21647,0.187361048826618,0.212437478976016,0.416927516127226,0.18327395607014
21648,0.30285978221296,0.152544714303157,0.366512326110665,0.178083177373218
21649,0.456230817818043,0.152269133303184,0.272974062684841,0.118525986193931
21650,0.132708823377091,0.328170985579184,0.329164829459252,0.209955361584473
21651,0.478838006755488,0.0877147695578139,0.157187636332551,0.276259587354147
21652,0.103574111252567,0.127704938335191,0.223003715076191,0.54571723533605
21653,0.550652941350038,0.172080819967291,0.114858644550929,0.162407594131742
21654,0.618008541990886,0.11709949244474,0.116487134056048,0.148404831508325
21655,0.350380455567468,0.0625603678802493,0.47708023882678,0.109978937725502
21656,0.437286913207784,0.126864827475927,0.200424761381403,0.235423497934886
21657,0.501253066314885,0.122379429156128,0.180117182059642,0.196250322469344
21658,0.422964238710009,0.124718428016653,0.231336483375186,0.220980849898152
21659,0.577355971557175,0.0996534779601567,0.134761527441951,0.188229023040717
21660,0.126462194956511,0.0774092095590131,0.28634324700946,0.509785348475017
21661,0.198013478856658,0.239265963325233,0.202662620400886,0.360057937417223
21662,0.0584792051031842,0.58962608531282,0.0584047032678023,0.293490006316193
21663,0.105469396307987,0.13195684186079,0.568940536113558,0.193633225717666
21664,0.0578471924105518,0.308791382420354,0.206802148218646,0.426559276950448
21665,0.327154953937894,0.264831897707136,0.161683874316411,0.246329274038559
21666,0.120337622810626,0.382849168324909,0.155162451585331,0.341650757279134
21667,0.0446085916259263,0.351839063693708,0.275999066463044,0.327553278217321
21668,0.326084054729025,0.236099482352457,0.142890094130567,0.294926368787951
21669,0.172467949669438,0.285847375373501,0.109840154511862,0.431844520445198
21670,0.107306018321362,0.480875079950178,0.0709447160089124,0.340874185719548
21671,0.0605691697197304,0.366880713701814,0.456207243308331,0.116342873270124
21672,0.048000018188434,0.176709282002895,0.472230774789878,0.303059925018793
21673,0.342429776190918,0.262508420523421,0.0539167865423883,0.341145016743273
21674,0.401954208368895,0.144282738820908,0.180094822592937,0.273668230217261
21675,0.319254612340387,0.15223384831063,0.0992567586814004,0.429254780667583
21676,0.123446882733161,0.543268293997014,0.110917826118124,0.222366997151701
21677,0.602936540415567,0.0614483224028778,0.175248041119567,0.160367096061989
21678,0.109871329043441,0.434272779332565,0.3489300555696,0.106925836054394
21679,0.168155837245477,0.451219057973141,0.068966348313595,0.311658756467787
21680,0.279064014563134,0.084398985199305,0.505681311863023,0.130855688374538
21681,0.302036368379715,0.0806919716773166,0.17765857725648,0.439613082686488
21682,0.357742230133044,0.313623510293722,0.0721456070034739,0.25648865256976
21683,0.326502552418221,0.0589767433286228,0.306928164829539,0.307592539423617
21684,0.341883999582512,0.0863470113136562,0.199045137412634,0.372723851691198
21685,0.127926484524017,0.274992418204046,0.119800173681939,0.477280923589998
21686,0.0974417094234302,0.352469157036259,0.329758350236636,0.220330783303675
21687,0.217737992007402,0.0941610802737474,0.389294771666794,0.298806156052057
21688,0.299674908527695,0.154205138737924,0.121597759422865,0.424522193311515
21689,0.228972706635035,0.517089042474332,0.0700633872821609,0.183874863608472
21690,0.573740374840909,0.249460169419629,0.0566831171319209,0.120116338607541
21691,0.177189516164049,0.510400350612364,0.0898734941041673,0.22253663911942
21692,0.0590038337157808,0.370606609018704,0.438342195137328,0.132047362128187
21693,0.0879686063534493,0.653665654757398,0.0476007741888857,0.210764964700267
21694,0.150229439727963,0.321006199781194,0.161221188116767,0.367543172374076
21695,0.301106349820498,0.306780948744817,0.273934091919902,0.118178609514783
21696,0.521748308294143,0.224880933624638,0.0582145665628618,0.195156191518358
21697,0.430905688677623,0.207240553302109,0.201762829095231,0.160090928925037
21698,0.142853883682401,0.0702184355996074,0.677537065751163,0.109390614966829
21699,0.255227371214091,0.52478719188294,0.0451942899116778,0.174791146991292
21700,0.371229901525441,0.215570996839055,0.14269986220215,0.270499239433355
21701,0.509108879791214,0.115631876631874,0.0823146731543025,0.292944570422609
21702,0.084435926408845,0.402848075672646,0.124129034762619,0.388586963155891
21703,0.121480892426633,0.290718430498563,0.0789673638935737,0.508833313181231
21704,0.12599188437354,0.304350465402465,0.355296790633844,0.214360859590151
21705,0.125914680192716,0.0694061496773928,0.486811225100114,0.317867945029777
21706,0.0668448630908807,0.434185964229064,0.0926765238082062,0.406292648871849
21707,0.0867764027744833,0.531521388688649,0.205397934432762,0.176304274104106
21708,0.0757541909587392,0.48307123897446,0.162232920678259,0.278941649388542
21709,0.234909876084222,0.15875480711652,0.0626762198749815,0.543659096924277
21710,0.335693634763044,0.0860178039770725,0.0760657914897221,0.502222769770161
21711,0.0645080468494153,0.52384755290697,0.232889527388734,0.178754872854881
21712,0.0758597680080446,0.295576168636686,0.0710450439308527,0.557519019424416
21713,0.52695450123709,0.110021430382068,0.143396488675426,0.219627579705416
21714,0.0713374456438779,0.551839743696448,0.0817958642179964,0.295026946441678
21715,0.411538756940206,0.136018329133692,0.175470133718514,0.276972780207587
21716,0.10539753745665,0.158775811512927,0.22291636283147,0.512910288198952
21717,0.180608322050987,0.0617090588612784,0.406665562563251,0.351017056524483
21718,0.298242171996789,0.428915712504049,0.0414644766830029,0.231377638816159
21719,0.168033801663382,0.148096793767938,0.149931470645199,0.533937933923481
21720,0.400973724525958,0.171213585320681,0.0624442839934867,0.365368406159875
21721,0.0978375534617501,0.251152043994448,0.438643328252822,0.21236707429098
21722,0.502143552273579,0.178722422210913,0.0991904539456731,0.219943571569835
21723,0.089464508157909,0.300601808000539,0.15134803769477,0.458585646146781
21724,0.385376619827565,0.200502344558748,0.176731689193366,0.23738934642032
21725,0.0728659581240086,0.23595397333381,0.205365975689715,0.485814092852466
21726,0.0498853046645425,0.346772993405411,0.31109901762376,0.292242684306287
21727,0.22428436610688,0.0567916097097888,0.53547906415312,0.183444960030211
21728,0.0856518174057395,0.107754183518105,0.391457697568864,0.415136301507291
21729,0.222574313624587,0.236735963559543,0.0952810657881711,0.4454086570277
21730,0.379918622241299,0.0807035270604103,0.143244433570472,0.396133417127819
21731,0.275152258397297,0.18568224478,0.347517308136842,0.191648188685861
21732,0.307954240441492,0.229083436997695,0.0855323467699468,0.377429975790865
21733,0.423746566357767,0.361013551483246,0.0777766871839662,0.137463194975021
21734,0.0780447576710154,0.523722122203418,0.218335707717132,0.179897412408435
21735,0.24071756248088,0.321602719283166,0.0773042913880663,0.360375426847887
21736,0.550949544796432,0.200242780201828,0.0864101459590714,0.162397529042669
21737,0.278084332452708,0.176752656023582,0.397451115760694,0.147711895763015
21738,0.302756772449482,0.262470446056013,0.285081442521244,0.14969133897326
21739,0.162895430662105,0.454603848798853,0.269289743214067,0.113210977324975
21740,0.100001904670966,0.553800259558022,0.252085813934534,0.0941120218364774
21741,0.0764974413157391,0.422919966702572,0.21404397571923,0.286538616262458
21742,0.198263694530173,0.272787512278124,0.370597677484686,0.158351115707017
21743,0.467285804581124,0.270715425328008,0.0729634332868852,0.189035336803983
21744,0.296537412528424,0.216930460156569,0.382261103396084,0.104271023918922
21745,0.244023905354907,0.18485810481405,0.326816273680026,0.244301716151017
21746,0.251145719052595,0.413757555322109,0.0896544353045401,0.245442290320756
21747,0.404314583934211,0.348839117263696,0.126124809823688,0.120721488978406
21748,0.318964374666314,0.395699595490504,0.158575038136414,0.126760991706768
21749,0.0915170608725237,0.411322370267932,0.27593317562237,0.221227393237175
21750,0.0779143551017516,0.103313218260947,0.585514548592515,0.233257878044787
21751,0.425989824430441,0.0755199447651222,0.318277806631282,0.180212424173155
21752,0.423649021823117,0.130678737775939,0.148298513333382,0.297373727067562
21753,0.295536188182451,0.200915607765642,0.216357278051732,0.287190926000175
21754,0.0978472328941271,0.480802711909929,0.164589584433253,0.256760470762692
21755,0.15955839045184,0.27418049664776,0.287749163177452,0.278511949722947
21756,0.0969843622808046,0.442215284051521,0.160905473951437,0.299894879716238
21757,0.17071491972628,0.46779537486996,0.0430271363951847,0.318462569008575
21758,0.180516556573667,0.308820018795349,0.166140954854022,0.344522469776963
21759,0.288344689847088,0.349382180958894,0.175170191033731,0.187102938160286
21760,0.176374254988251,0.0543145042353626,0.351316375913118,0.417994864863269
21761,0.0862443659531429,0.143142791021139,0.546179891192804,0.224432951832914
21762,0.0490880572497841,0.757174127606352,0.0360698174212587,0.157667997722605
21763,0.541660649591561,0.0798128054052615,0.0374402116966001,0.341086333306577
21764,0.227983136418948,0.0506244728070728,0.514371790954336,0.207020599819643
21765,0.487555908612433,0.103468286388336,0.10699430574859,0.30198149925064
21766,0.0965614491144668,0.39634310983935,0.052850364465082,0.454245076581101
21767,0.0799246626106601,0.201598715519262,0.415209463908223,0.303267157961854
21768,0.148201084891649,0.479978964152247,0.23786752688072,0.133952424075384
21769,0.179384033898994,0.224520945557934,0.0995849573117504,0.496510063231322
21770,0.106153316212107,0.345393904799125,0.309094114632471,0.239358664356297
21771,0.0593865149039399,0.149547288051597,0.35989888582309,0.431167311221373
21772,0.122378653502269,0.388343607165828,0.216679523258159,0.272598216073745
21773,0.237310593189962,0.434546462732248,0.0865619821345668,0.241580961943224
21774,0.0433499265277756,0.152913034273302,0.524397709714792,0.27933932948413
21775,0.219660168316046,0.351996297360363,0.190720022043539,0.237623512280052
21776,0.423011894778537,0.271740553640862,0.128774599698131,0.17647295188247
21777,0.0900779899863734,0.06859235701898,0.53111093634677,0.310218716647876
21778,0.289188741419416,0.13630864976197,0.163499714389072,0.411002894429543
21779,0.406488713262413,0.21914946944031,0.10003686073584,0.274324956561437
21780,0.175178988715279,0.099802724972425,0.487188956317814,0.237829329994482
21781,0.0789827547003977,0.100259446088949,0.625493830991559,0.195263968219094
21782,0.435296901715299,0.052282672538496,0.373339232485321,0.139081193260884
21783,0.299651803148528,0.143373418909511,0.146307270509892,0.410667507432069
21784,0.620169494187797,0.221086462965547,0.0603292028735608,0.0984148399730955
21785,0.16211052088346,0.596056157738648,0.166287835296502,0.0755454860813898
21786,0.136424454624217,0.106694176899682,0.243283033056435,0.513598335419666
21787,0.11210538687249,0.587707236574271,0.0806130417708166,0.219574334782423
21788,0.432782467843427,0.239744448547591,0.0723056568757794,0.255167426733203
21789,0.11084420512736,0.247937243748891,0.262734908019741,0.378483643104008
21790,0.550250141473244,0.123947004202853,0.12063808826666,0.205164766057243
21791,0.270135258742279,0.171119562297014,0.150175054851079,0.408570124109628
21792,0.0741754060771682,0.321544327753945,0.403495725644534,0.200784540524353
21793,0.16028847553643,0.227620874905011,0.477547328901321,0.134543320657238
21794,0.0658330666693267,0.470078733855011,0.271635824559351,0.192452374916311
21795,0.22150176830063,0.0411943198345475,0.589347114350938,0.147956797513884
21796,0.22070776671947,0.277960427840771,0.233094484835183,0.268237320604576
21797,0.306924303858294,0.381569660806453,0.150465009057947,0.161041026277307
21798,0.446823043683637,0.0693920772082953,0.284340593439412,0.199444285668655
21799,0.111470994804424,0.0839224631742118,0.218800377000283,0.585806165021082
21800,0.0868485317551673,0.106275652009534,0.344397559545429,0.46247825668987
21801,0.146764049314037,0.226677849521291,0.270073666987567,0.356484434177105
21802,0.0535135638900071,0.17895693725286,0.446002798524773,0.32152670033236
21803,0.0756833805580009,0.127798192338893,0.521470766290068,0.275047660813039
21804,0.239390509746437,0.505996339143735,0.125722873385262,0.128890277724566
21805,0.451779512033895,0.0743956454230292,0.153780789601307,0.320044052941769
21806,0.0867518946326124,0.440018434394102,0.1986034835702,0.274626187403086
21807,0.133828855734856,0.420227811654999,0.176619689323636,0.269323643286509
21808,0.295349976220335,0.12679343640668,0.154509559695042,0.423347027677944
21809,0.59118877393019,0.081032098016798,0.0766170033821234,0.251162124670888
21810,0.623549303066061,0.0616936247208893,0.192238129645165,0.122518942567884
21811,0.194920086189147,0.485304494938402,0.234136720283453,0.0856386985889981
21812,0.136250226180001,0.0945604936312756,0.450128812993985,0.319060467194738
21813,0.238206804937792,0.476633166381215,0.0957884260166428,0.189371602664351
21814,0.129892130844994,0.337478261294008,0.399988276153548,0.132641331707449
21815,0.37801178052705,0.0976151616957457,0.332745154946287,0.191627902830918
21816,0.306444024487406,0.385437189875375,0.141215929810249,0.16690285582697
21817,0.155037963891697,0.102881752296384,0.638101884157219,0.103978399654701
21818,0.130904407555779,0.114411144852602,0.403814976540758,0.35086947105086
21819,0.241494812627907,0.195742748262387,0.128219105439787,0.434543333669919
21820,0.580976593065425,0.132412282823791,0.128705090479676,0.157906033631108
21821,0.154477197031986,0.176538197719542,0.447780729143403,0.221203876105069
21822,0.336020238160159,0.458641853247564,0.113040838280127,0.0922970703121501
21823,0.142860202791406,0.403849405238972,0.300149457771909,0.153140934197713
21824,0.135486208704269,0.497379403639555,0.270313297254097,0.0968210904020793
21825,0.0834070809743228,0.444594567673089,0.17987719027236,0.292121161080229
21826,0.19491745070754,0.466840652549212,0.272024622281875,0.0662172744613724
21827,0.0701688981070383,0.108866804541842,0.690382182580992,0.130582114770128
21828,0.144431945674688,0.502221914383585,0.138442404405048,0.214903735536679
21829,0.150210061850831,0.220089018317627,0.461668307954491,0.168032611877051
21830,0.153761618278783,0.166576562432643,0.490726239103881,0.188935580184693
21831,0.252283840553048,0.321683537858003,0.107725010094881,0.318307611494069
21832,0.221931864137208,0.440156569892805,0.0897933137607448,0.248118252209242
21833,0.524092599821998,0.0947518366890586,0.234577660592891,0.146577902896053
21834,0.489798746290021,0.204278781558393,0.150660509170481,0.155261962981106
21835,0.11518241647224,0.397266743862035,0.146258571948678,0.341292267717047
21836,0.0629592853316256,0.0934981827959224,0.561211687733039,0.282330844139413
21837,0.143613277396391,0.0789014318420345,0.385497229342809,0.391988061418765
21838,0.223466438180025,0.217826873017507,0.38767915646013,0.171027532342338
21839,0.110062267309751,0.465389294153497,0.150685787842045,0.273862650694707
21840,0.454820971154098,0.185998689754894,0.195991168113637,0.16318917097737
21841,0.448568386208386,0.191358449776616,0.165946739745744,0.194126424269254
21842,0.0806323981422872,0.291102988576768,0.462263246994405,0.16600136628654
21843,0.476418352719523,0.101061953969187,0.160702590335166,0.261817102976124
21844,0.072901303253123,0.475528330741083,0.236646182968596,0.214924183037198
21845,0.254496336803431,0.163386265854617,0.254439270350344,0.327678126991607
21846,0.0915099407266259,0.50216754673562,0.183253741609383,0.223068770928371
21847,0.356909713977192,0.120202293262578,0.339802364842579,0.183085627917651
21848,0.141382332751205,0.163186710999249,0.107619866788473,0.587811089461073
21849,0.38575318755428,0.409511288601067,0.0700453198537623,0.134690203990891
21850,0.442555932929362,0.173231934834221,0.111125619045237,0.27308651319118
21851,0.139390649678143,0.604006778593013,0.0542950799354933,0.202307491793351
21852,0.409211905473899,0.197492635912442,0.154350896823639,0.23894456179002
21853,0.0872807285604836,0.169490968517175,0.352299019262842,0.390929283659499
21854,0.389998415114348,0.147618446814897,0.142682567613423,0.319700570457332
21855,0.112818577051651,0.356186391220314,0.107634598181674,0.423360433546362
21856,0.443202143916145,0.205581430423451,0.250349274747338,0.100867150913066
21857,0.0918248113171305,0.426379452130406,0.131747496013102,0.350048240539363
21858,0.533442921535768,0.0901181590023666,0.0608203820368599,0.315618537425006
21859,0.438856089580187,0.0898501634571418,0.097393181234436,0.373900565728235
21860,0.479088454949405,0.257826152548885,0.0769629822379726,0.186122410263738
21861,0.107271923655938,0.169371755698356,0.557456289076163,0.165900031569542
21862,0.0438691352853172,0.501769269051115,0.269773297291454,0.184588298372114
21863,0.084711031179456,0.416382888604131,0.17159841947368,0.327307660742733
21864,0.265970548112733,0.506031870426209,0.0567630265537284,0.17123455490733
21865,0.116702514899295,0.306545041712361,0.424820910776251,0.151931532612093
21866,0.169821245247654,0.143226404011763,0.473667307537975,0.213285043202608
21867,0.0635652625871795,0.10493468906723,0.250488954702198,0.581011093643393
21868,0.104992406924559,0.0775915308552091,0.43487970624083,0.382536355979402
21869,0.256295817350268,0.0972579172411824,0.174912284726152,0.471533980682398
21870,0.197424412275643,0.141657004003121,0.278434257111279,0.382484326609956
21871,0.659990412625325,0.0899503673839702,0.0568037958082032,0.193255424182501
21872,0.0543523500219491,0.476813055453255,0.283610771862039,0.185223822662756
21873,0.33530540972115,0.345963075115712,0.228740203454226,0.0899913117089123
21874,0.0809360463807395,0.669327510416137,0.0920760408930231,0.1576604023101
21875,0.34142864175545,0.357071045850273,0.0568799782579425,0.244620334136334
21876,0.526282002462527,0.120758058808791,0.133392776335415,0.219567162393267
21877,0.0738043804692749,0.423203371816942,0.0843014367308213,0.418690810982962
21878,0.339879626245781,0.522741783701585,0.0453574630343145,0.0920211270183196
21879,0.24764848682642,0.225742389531579,0.110492472216064,0.416116651425937
21880,0.46573794566921,0.133062413790277,0.245245663084311,0.155953977456202
21881,0.105756424432864,0.291140172731779,0.169567094531225,0.433536308304132
21882,0.158731906367023,0.172139295644737,0.213382828851494,0.455745969136745
21883,0.0700755209217,0.291858088866885,0.208587132615198,0.429479257596217
21884,0.191338921550318,0.510075630768713,0.0409561538537199,0.257629293827249
21885,0.0940156411029369,0.424660058923091,0.0825637221265061,0.398760577847466
21886,0.204012123059724,0.227707258048591,0.117661309749336,0.450619309142349
21887,0.142630752647099,0.0860204219082718,0.469050021242197,0.302298804202432
21888,0.0656423171448569,0.36357288190977,0.400834377444054,0.169950423501319
21889,0.193057897402053,0.254951876874928,0.273106131861009,0.27888409386201
21890,0.299337091016168,0.197342158309422,0.178709546780734,0.324611203893676
21891,0.426904778437095,0.0647840602262681,0.364679380192073,0.143631781144564
21892,0.0753190274609965,0.384046287013241,0.11004457279401,0.430590112731752
21893,0.134459065794023,0.442746383991645,0.0961971744141926,0.32659737580014
21894,0.146419664001359,0.0877004019381575,0.319393061318024,0.446486872742459
21895,0.0506080590574156,0.0658269020462427,0.721608841522737,0.161956197373605
21896,0.368568820133863,0.160929775638953,0.320167533218027,0.150333871009157
21897,0.161947270348575,0.428979437260712,0.279866912798238,0.129206379592474
21898,0.187203768294207,0.300141620308014,0.279082631561062,0.233571979836717
21899,0.197527642912127,0.174158149247357,0.526102273995509,0.102211933845007
21900,0.117780378715308,0.111402153868914,0.155042457128149,0.615775010287628
21901,0.214492668379766,0.569809744172364,0.0476523231384981,0.168045264309372
21902,0.0686763815379499,0.176016280825262,0.592524142994047,0.162783194642741
21903,0.0893668552183953,0.134107459189347,0.576708487486837,0.199817198105421
21904,0.308172593446982,0.0890775014879535,0.267999138983067,0.334750766081997
21905,0.0736810595397317,0.393777530280407,0.278333351276456,0.254208058903405
21906,0.14033803499945,0.251887816044197,0.113236075747334,0.494538073209019
21907,0.0936948185383266,0.352950822394508,0.227850678195171,0.325503680871995
21908,0.317607692762759,0.22874960983491,0.199938005979454,0.253704691422877
21909,0.211061141263974,0.148717416854018,0.355584931231508,0.2846365106505
21910,0.412855268875415,0.198213020610786,0.144111648448718,0.244820062065082
21911,0.279569971351408,0.404785258743891,0.173964758418788,0.141680011485913
21912,0.199631310574685,0.501379347190663,0.0516609619714901,0.247328380263162
21913,0.18023134320588,0.304845502153979,0.175311807974066,0.339611346666075
21914,0.14792735055261,0.114069756385879,0.189673444571071,0.548329448490439
21915,0.258674303152615,0.149946459604087,0.301093198104036,0.290286039139263
21916,0.112389027681804,0.128422645058001,0.250348954768558,0.508839372491637
21917,0.126445237468833,0.163614955860365,0.212336990392829,0.497602816277973
21918,0.0863243243057327,0.13948398980113,0.603777344748431,0.170414341144707
21919,0.182824746142279,0.0719926893280034,0.605668371000458,0.139514193529259
21920,0.19264499230779,0.263756092793844,0.161950038904396,0.38164887599397
21921,0.119008648088061,0.606685264843073,0.093655483395468,0.180650603673398
21922,0.432410001611626,0.26752293207798,0.086824879590928,0.213242186719466
21923,0.172429377784862,0.102323463695499,0.203105096187412,0.522142062332227
21924,0.185185258670978,0.149500992851953,0.244969894915436,0.420343853561633
21925,0.387992844870089,0.21047118273617,0.233962529844401,0.167573442549339
21926,0.418333976151483,0.123369650484342,0.11527867034034,0.343017703023834
21927,0.11200414791167,0.158257030402635,0.434820150038062,0.294918671647633
21928,0.14346308639255,0.451328118958281,0.0703685940875924,0.334840200561576
21929,0.100872529883281,0.0945403303607809,0.154277586853845,0.650309552902093
21930,0.0635366909637559,0.292607225911024,0.249854434715301,0.394001648409919
21931,0.168581786086061,0.28273418805521,0.0737637431771671,0.474920282681561
21932,0.0988625446828964,0.0638634127916199,0.481953948883149,0.355320093642335
21933,0.0813821580561992,0.497444785764635,0.0735810742546624,0.347591981924504
21934,0.0769053538187145,0.342484324814252,0.188896544249693,0.391713777117341
21935,0.167538953575431,0.174228635936977,0.140256949896424,0.517975460591167
21936,0.204143134147512,0.233910419540645,0.17232852348738,0.389617922824463
21937,0.0465864723839735,0.117635203420597,0.541674227657794,0.294104096537635
21938,0.0601020388252756,0.410086282334124,0.151079617456937,0.378732061383664
21939,0.0919994409662277,0.342515755696791,0.117777808240593,0.447706995096388
21940,0.44781993321103,0.202069228390668,0.100996295061929,0.249114543336373
21941,0.0849681126998197,0.0781976590722529,0.329183862655435,0.507650365572493
21942,0.137777802260708,0.545619774817859,0.14779840584746,0.168804017073972
21943,0.0934385435032483,0.31886942133511,0.108204689740664,0.479487345420977
21944,0.0889642262391004,0.375988923253576,0.319448265002589,0.215598585504734
21945,0.0952104306526666,0.351273576969622,0.10212097082605,0.451395021551662
21946,0.350906785165173,0.173193925186374,0.1233037659148,0.352595523733653
21947,0.487082289308635,0.213117820247155,0.102946701862544,0.196853188581666
21948,0.102096917476153,0.521624072555311,0.210345783812514,0.165933226156022
21949,0.171148844504226,0.298774721016862,0.16525069028936,0.364825744189552
21950,0.10117472407692,0.389235100745586,0.118304014799965,0.391286160377529
21951,0.12136455037184,0.242806076805431,0.275069504011832,0.360759868810897
21952,0.347128469274085,0.085836887035479,0.115616362980415,0.451418280710021
21953,0.324584976516142,0.309380234434852,0.0813002565112998,0.284734532537706
21954,0.178831703107345,0.104001214195324,0.161014750605434,0.556152332091896
21955,0.426132845342061,0.117482683724399,0.15863736211712,0.297747108816419
21956,0.081157550067422,0.149613808838439,0.143024770269022,0.626203870825117
21957,0.338738401565667,0.144215129370775,0.291738397473859,0.225308071589699
21958,0.0562235646535099,0.645965945761131,0.136739702657867,0.161070786927492
21959,0.101986141273637,0.144844415233084,0.107054157214396,0.646115286278883
21960,0.145786415644787,0.480522965765675,0.0700868753651272,0.30360374322441
21961,0.211373769388872,0.137803930687284,0.380562942545416,0.270259357378428
21962,0.579031409852479,0.145167511685571,0.118186166139964,0.157614912321986
21963,0.0574355367175772,0.529155055281312,0.288125129625629,0.125284278375482
21964,0.129063856850338,0.0822321947762284,0.621472723152522,0.167231225220911
21965,0.0996730577036753,0.0955690091751581,0.352899658143363,0.451858274977804
21966,0.101614598718093,0.075569025485825,0.315060195210548,0.507756180585534
21967,0.465040843070533,0.0577106574887855,0.235884913350352,0.24136358609033
21968,0.229590286128498,0.418273439979734,0.0570489786595754,0.295087295232193
21969,0.0639194281870949,0.155029694177095,0.178070718688248,0.602980158947562
21970,0.2064619546205,0.180132030013825,0.10897217935808,0.504433836007595
21971,0.200215147883681,0.288289536919374,0.375791444865427,0.135703870331517
21972,0.3849526858532,0.119809915142204,0.106533136518735,0.388704262485862
21973,0.401986057852253,0.150667017459337,0.0551798800271106,0.392167044661298
21974,0.527404367522765,0.172079783680724,0.064836409024753,0.235679439771758
21975,0.0747637079125347,0.0979505259092085,0.305715195070185,0.521570571108071
21976,0.343036838804288,0.265562940359277,0.280823203212005,0.11057701762443
21977,0.110522885108097,0.339279502507028,0.185518976730014,0.364678635654861
21978,0.258398761315514,0.0571375577340309,0.212478781920874,0.471984899029581
21979,0.191557084839265,0.263608744255708,0.084435833571203,0.460398337333824
21980,0.0734531536025974,0.534821531712765,0.109086060513405,0.282639254171233
21981,0.102921735028906,0.350356709414383,0.234499917995193,0.312221637561519
21982,0.124732437252435,0.207215039130181,0.190259372197847,0.477793151419537
21983,0.070947276471486,0.0812893230139044,0.273172176791658,0.574591223722952
21984,0.145328490738813,0.196067844750681,0.190204365743627,0.468399298766879
21985,0.0509620166125597,0.583172239470034,0.049325726982466,0.31654001693494
21986,0.0795563419145858,0.111193175131941,0.58012869683742,0.229121786116054
21987,0.0467834441971957,0.228662238127852,0.179666019648284,0.544888298026668
21988,0.255582242504468,0.220054780921939,0.161653255117089,0.362709721456505
21989,0.100203132074361,0.300874596563033,0.148371001629513,0.450551269733092
21990,0.0327211197290457,0.319738735160028,0.19780342634912,0.449736718761806
21991,0.286751674171379,0.191640541044546,0.137583849317615,0.38402393546646
21992,0.140653626486326,0.202818208449554,0.110899718622543,0.545628446441577
21993,0.0925618374722958,0.441080025426703,0.0479701287353053,0.418388008365696
21994,0.060052246771668,0.29800453287663,0.488019143311391,0.153924077040311
21995,0.0424991440169313,0.144726080636904,0.409228421880053,0.403546353466112
21996,0.293917483606678,0.218760469993896,0.0496057705629366,0.437716275836489
21997,0.31879924908433,0.124727601369533,0.178436239752708,0.37803690979343
21998,0.253926538453532,0.132700530506348,0.0785930887162744,0.534779842323846
21999,0.101340140817796,0.547296240133287,0.106424362741753,0.244939256307164
22000,0.559630488937611,0.0568484204319625,0.18058528382094,0.202935806809487
22001,0.098373799488522,0.467519349873471,0.283532209829588,0.150574640808419
22002,0.133730865187728,0.380574930031163,0.0736356184822932,0.412058586298815
22003,0.0652729147369281,0.222820327153365,0.491696571873515,0.220210186236192
22004,0.474872113468066,0.217203909294277,0.0820380849601774,0.22588589227748
22005,0.236177488787989,0.107140831441927,0.265156624161528,0.391525055608556
22006,0.0641977819997374,0.290093899361515,0.159672005977005,0.486036312661743
22007,0.196363636974674,0.456929245043986,0.153376733907119,0.193330384074221
22008,0.0645667635345835,0.234861484468524,0.388008627804839,0.312563124192053
22009,0.325032531244686,0.140329078643231,0.239123383112407,0.295515006999676
22010,0.110299368135052,0.480308664382949,0.106752638342237,0.302639329139762
22011,0.0889429577952459,0.321355263435887,0.278055729894173,0.311646048874694
22012,0.223691146813933,0.26355857474602,0.1627353780295,0.350014900410547
22013,0.261902332887945,0.169614227099252,0.322504438103511,0.245979001909292
22014,0.121882345414954,0.121718325940358,0.584406422384572,0.171992906260116
22015,0.112788888122375,0.119068710775389,0.383856998395021,0.384285402707215
22016,0.0856482010360167,0.381280284989976,0.151255283028088,0.381816230945919
22017,0.0559641439465199,0.554694122527745,0.168841904156177,0.220499829369558
22018,0.32702679336447,0.177208128178867,0.22835787931078,0.267407199145884
22019,0.29981122910214,0.0960942749202927,0.280903289643097,0.323191206334471
22020,0.138578595950805,0.167881906942722,0.33817803485271,0.355361462253763
22021,0.137224888812415,0.252468277257597,0.264578364153507,0.345728469776482
22022,0.407294287430616,0.142808849052931,0.154405819244951,0.295491044271501
22023,0.282851170029356,0.107589299828305,0.335790212212443,0.273769317929895
22024,0.228665791146175,0.103598674042811,0.131476098237539,0.536259436573475
22025,0.319494723190977,0.186024792801295,0.125580436429346,0.368900047578383
22026,0.540125686837214,0.105877894655629,0.10055737286485,0.253439045642307
22027,0.328262796267556,0.17766487809835,0.120902892154373,0.373169433479721
22028,0.415424974565831,0.137746099852513,0.0914659979201561,0.3553629276615
22029,0.0845618309886248,0.138641346173371,0.129946321389954,0.64685050144805
22030,0.41902898206993,0.12803301109855,0.270790256182372,0.182147750649148
22031,0.201647587366819,0.168819930913392,0.0892085712529521,0.540323910466837
22032,0.154928895375764,0.218449930624643,0.133335913631351,0.493285260368241
22033,0.156377461282218,0.109501386192647,0.537981057730809,0.196140094794326
22034,0.590862598894738,0.10061095789996,0.0675363537475792,0.240990089457723
22035,0.317293644912294,0.11476441068433,0.101558716932331,0.466383227471045
22036,0.430061179700123,0.197068980299692,0.115534193795137,0.257335646205047
22037,0.190319975229236,0.21164394320566,0.0736655686203101,0.524370512944793
22038,0.123729649479146,0.323574790739559,0.0917625143314141,0.460933045449881
22039,0.434015297766074,0.212520036923484,0.104394075593577,0.249070589716865
22040,0.229474720288477,0.389474826331991,0.158458313061514,0.222592140318017
22041,0.246777048592875,0.0645206411376059,0.503933439413807,0.184768870855712
22042,0.231965874640115,0.187668778080412,0.376151862086749,0.204213485192724
22043,0.146990105159966,0.550955744071945,0.111143705697504,0.190910445070586
22044,0.188651966396679,0.119495663407731,0.288475580300063,0.403376789895527
22045,0.103213627499368,0.395698669435789,0.184882345507491,0.316205357557352
22046,0.241521329930259,0.192394912762441,0.269473948670131,0.296609808637168
22047,0.171448697521241,0.321343177471909,0.233054891762277,0.274153233244573
22048,0.0968184102020375,0.675646792224444,0.115213884252836,0.112320913320682
22049,0.0950831831004003,0.604376645266026,0.104234142506355,0.196306029127218
22050,0.207722846797532,0.377899869235705,0.276645152742813,0.137732131223951
22051,0.169099182399255,0.187968141596711,0.477202073946475,0.165730602057559
22052,0.242552749035004,0.363484876907777,0.203689213389985,0.190273160667233
22053,0.0637560191623082,0.640430034595772,0.177271139711579,0.118542806530341
22054,0.103476334042651,0.130318967225086,0.59994905356983,0.166255645162433
22055,0.181532011974067,0.286874754660477,0.436033896117526,0.09555933724793
22056,0.187188153299021,0.262998808580915,0.400710979502022,0.149102058618042
22057,0.289484190173634,0.116175833513295,0.346213438444158,0.248126537868913
22058,0.194305156380768,0.561969054475682,0.150795480232477,0.0929303089110722
22059,0.347107705876447,0.429253558854242,0.0567785747758517,0.166860160493459
22060,0.221732247402719,0.180157013076374,0.0680613594180248,0.530049380102882
22061,0.0928434081813339,0.162233761654989,0.497303807362152,0.247619022801525
22062,0.0691633756019127,0.263462324727507,0.515420053948775,0.151954245721805
22063,0.024843352324435,0.610203290118115,0.222815429099085,0.142137928458364
22064,0.465646671325397,0.17349942326303,0.151235925182744,0.209617980228829
22065,0.146477084523397,0.162872526424888,0.399670208994843,0.290980180056872
22066,0.469819818142333,0.104018212859516,0.129404490541877,0.296757478456273
22067,0.376922990931295,0.218152662135708,0.0662022798436993,0.338722067089298
22068,0.150406905841815,0.687373012427087,0.027787274446218,0.134432807284879
22069,0.0685871875536734,0.452267325639121,0.0863654545731925,0.392780032234013
