No,Ch1,Ch2,Ch3,Ch4
21566,0.193558332,0.08303863,0.349026147,0.374376892
21567,0.054935813,0.289415702,0.434019974,0.221628512
21568,0.29074343,0.403980849,0.096060674,0.209215048
21569,0.585947921,0.073841197,0.126556753,0.213654128
21570,0.116507644,0.31092191,0.471578038,0.100992407
21571,0.091167849,0.566154289,0.134193113,0.20848475
21572,0.147237307,0.068797886,0.511421616,0.272543191
21573,0.126366814,0.132956297,0.182626488,0.558050401
21574,0.14618113,0.32486201,0.350043931,0.17891293
21575,0.051193965,0.076415043,0.642201731,0.230189261
21576,0.227878171,0.210645802,0.272400712,0.289075314
21577,0.227517748,0.121784123,0.532796924,0.117901204
21578,0.322948072,0.288408128,0.165321051,0.223322749
21579,0.092892306,0.149066478,0.170152235,0.587888981
21580,0.056080457,0.423915541,0.189962961,0.330041041
21581,0.415910879,0.075456199,0.150167995,0.358464927
21582,0.105484087,0.16416883,0.395629285,0.334717797
21583,0.169461484,0.138511438,0.213614132,0.478412946
21584,0.205158395,0.285181438,0.082725174,0.426934993
21585,0.269356215,0.274344221,0.129737372,0.326562192
21586,0.178743638,0.423315097,0.191906225,0.206035042
21587,0.052599272,0.430557438,0.228750165,0.288093126
21588,0.049041363,0.095964541,0.524623731,0.330370365
21589,0.170634752,0.073821915,0.45690974,0.298633593
21590,0.055285068,0.114832873,0.507807806,0.322074252
21591,0.065711318,0.214295628,0.341996247,0.377996807
21592,0.11660066,0.217198668,0.088221868,0.577978803
21593,0.397757914,0.193467462,0.151757238,0.257017385
21594,0.101402624,0.127383674,0.267251234,0.503962467
21595,0.244160236,0.149958154,0.072080492,0.533801118
21596,0.157752767,0.536473309,0.080022014,0.225751911
21597,0.358379201,0.266002819,0.075087006,0.300530974
21598,0.076937364,0.368512129,0.291431558,0.263118949
21599,0.237178487,0.365632344,0.228618333,0.168570836
21600,0.089230378,0.146943423,0.088767104,0.675059095
21601,0.063802564,0.170515352,0.150628496,0.615053588
21602,0.056280445,0.423920638,0.284141026,0.235657892
21603,0.389982427,0.076283981,0.146095318,0.387638275
21604,0.056412925,0.20485706,0.392818048,0.345911967
21605,0.193183389,0.068121882,0.489698967,0.248995763
21606,0.238753838,0.053156315,0.324026427,0.38406342
21607,0.490855844,0.100273801,0.064067681,0.344802674
21608,0.255252052,0.440875185,0.036216626,0.267656136
21609,0.064515523,0.078539435,0.485595672,0.37134937
21610,0.255135599,0.371854902,0.042808465,0.330201034
21611,0.058764046,0.072589776,0.483125629,0.385520549
21612,0.431446982,0.142153089,0.286106146,0.140293783
21613,0.056410196,0.172789054,0.349779361,0.421021389
21614,0.083382214,0.428103824,0.267907974,0.220605987
21615,0.310220633,0.333461868,0.038354646,0.317962852
21616,0.25051511,0.03415548,0.511458574,0.203870835
21617,0.218630693,0.339778895,0.190714463,0.250875948
21618,0.206648774,0.097428968,0.252095867,0.443826391
21619,0.159337176,0.138461082,0.102273235,0.599928506
21620,0.080464675,0.552252658,0.073235321,0.294047346
21621,0.160686592,0.333143697,0.176095998,0.330073714
21622,0.133744262,0.265778448,0.112382776,0.488094514
21623,0.397382815,0.351763059,0.08125076,0.169603366
21624,0.531001945,0.205394674,0.085792695,0.177810686
21625,0.132407485,0.102420664,0.462391872,0.302779979
21626,0.582798334,0.097047642,0.135469728,0.184684295
21627,0.135122138,0.237012691,0.370822479,0.257042692
21628,0.172206821,0.548483705,0.147857251,0.131452223
21629,0.508636274,0.157097521,0.107975779,0.226290426
21630,0.217188555,0.146934122,0.191690313,0.44418701
21631,0.150346889,0.061570392,0.699521394,0.088561325
21632,0.08745675,0.2456801,0.438263932,0.228599217
21633,0.170328503,0.299096095,0.197592432,0.33298297
21634,0.151734429,0.6319566,0.095054911,0.121254059
21635,0.062528738,0.598158843,0.216183678,0.123128741
21636,0.524309173,0.181318195,0.104923547,0.189449085
21637,0.448082611,0.298800397,0.085004187,0.168112805
21638,0.131876545,0.358321662,0.380867202,0.128934591
21639,0.220667585,0.500064358,0.132409574,0.146858482
21640,0.473213141,0.266964234,0.106130806,0.153691819
21641,0.204243115,0.221573801,0.469840569,0.104342515
21642,0.444092637,0.220246921,0.154991493,0.180668948
21643,0.066059878,0.230327182,0.506964189,0.196648751
21644,0.304559153,0.263215597,0.140963638,0.291261613
21645,0.094426358,0.592129604,0.147541813,0.165902224
21646,0.165484384,0.222006366,0.444029588,0.168479662
21647,0.180900213,0.209741296,0.435277774,0.174080716
21648,0.315635135,0.127755084,0.379142504,0.177467276
21649,0.46067829,0.118990297,0.277821309,0.142510105
21650,0.133548321,0.352071458,0.318202336,0.196177885
21651,0.48228501,0.084804942,0.16248522,0.270424828
21652,0.089155157,0.137759976,0.226521659,0.546563207
21653,0.580384688,0.167439005,0.095993041,0.156183267
21654,0.561156151,0.139367225,0.12602026,0.173456364
21655,0.346814524,0.054871413,0.472444092,0.125869972
21656,0.469048805,0.109534818,0.186427176,0.234989201
21657,0.476162696,0.127683724,0.163929338,0.232224242
21658,0.405683361,0.117185987,0.266547981,0.210582671
21659,0.579659453,0.113103748,0.126246775,0.180990024
21660,0.125196271,0.082013399,0.283239498,0.509550832
21661,0.153187697,0.268813038,0.185916728,0.392082537
21662,0.06020954,0.596074219,0.053923165,0.289793076
21663,0.11762794,0.129745653,0.540575642,0.212050764
21664,0.06701498,0.319624612,0.183046236,0.430314172
21665,0.345279847,0.230163816,0.164415229,0.260141108
21666,0.096469853,0.364885335,0.198903442,0.33974137
21667,0.049718413,0.371909262,0.246815721,0.331556603
21668,0.279654316,0.226275354,0.14492316,0.349147171
21669,0.188215241,0.239389233,0.085426394,0.486969132
21670,0.113671348,0.499377847,0.07118134,0.315769466
21671,0.070740126,0.329812189,0.468213897,0.131233788
21672,0.049147943,0.185242863,0.457121055,0.308488139
21673,0.370625795,0.208675626,0.05419205,0.366506528
21674,0.371749883,0.136856957,0.206527867,0.284865293
21675,0.315670019,0.161139216,0.104232278,0.418958486
21676,0.124195912,0.527164015,0.109268462,0.239371611
21677,0.5337331,0.061742032,0.215517305,0.189007563
21678,0.11134825,0.447713333,0.315493158,0.125445259
21679,0.186116024,0.416718575,0.083647677,0.313517723
21680,0.267335069,0.085650061,0.510051417,0.136963453
21681,0.286403418,0.073366326,0.166180026,0.47405023
21682,0.363810306,0.271106245,0.071927066,0.293156384
21683,0.312499185,0.056153157,0.304920028,0.326427629
21684,0.318771444,0.068943547,0.203120025,0.409164984
21685,0.141985515,0.247718785,0.122588149,0.487707552
21686,0.095598561,0.374846533,0.312936314,0.216618592
21687,0.188969491,0.08390847,0.403919213,0.323202825
21688,0.261499276,0.147163539,0.101684303,0.489652881
21689,0.201128126,0.533820314,0.078722514,0.186329046
21690,0.630605569,0.212664042,0.033687625,0.123042764
21691,0.175354892,0.506393579,0.093325401,0.224926128
21692,0.05622625,0.32942561,0.469916292,0.144431848
21693,0.075530746,0.667300098,0.043787346,0.213381812
21694,0.135505371,0.274067467,0.21822232,0.372204843
21695,0.314993842,0.322109255,0.247176947,0.115719956
21696,0.544383927,0.188022433,0.055202746,0.212390894
21697,0.42394791,0.21207531,0.201055528,0.162921252
21698,0.158740145,0.061311096,0.65850681,0.121441949
21699,0.241998116,0.534180969,0.041549439,0.182271475
21700,0.338057102,0.250792007,0.145008227,0.266142665
21701,0.485334626,0.105495596,0.119315112,0.289854665
21702,0.088377184,0.397911508,0.143394006,0.370317301
21703,0.112804207,0.302758549,0.086465039,0.497972204
21704,0.12729343,0.301612759,0.328302517,0.242791295
21705,0.136826164,0.073977948,0.460764273,0.328431616
21706,0.090835055,0.433793307,0.090650717,0.384720922
21707,0.090017372,0.539967689,0.183390715,0.186624223
21708,0.066566667,0.497704654,0.146369076,0.289359602
21709,0.241204682,0.149460761,0.071925874,0.537408683
21710,0.325544247,0.094618633,0.084171808,0.495665312
21711,0.05956718,0.512123136,0.24250333,0.185806355
21712,0.092613321,0.259546907,0.073661331,0.574178441
21713,0.51152245,0.114676659,0.145920557,0.227880334
21714,0.068516361,0.559627371,0.06827467,0.303581597
21715,0.456928564,0.142658583,0.16718152,0.233231334
21716,0.121430086,0.168942557,0.229372906,0.480254451
21717,0.180185957,0.062867303,0.441214541,0.315732199
21718,0.339594089,0.39562284,0.036190134,0.228592936
21719,0.17706027,0.165655925,0.150550895,0.50673291
21720,0.421638583,0.15401486,0.064490989,0.359855568
21721,0.12773403,0.233816967,0.409934926,0.228514078
21722,0.474689698,0.200248568,0.09473157,0.230330164
21723,0.080255833,0.287279324,0.178322681,0.454142163
21724,0.337188172,0.20324303,0.216447715,0.243121084
21725,0.082001036,0.235630313,0.22968954,0.452679111
21726,0.042301956,0.381493093,0.322310977,0.253893974
21727,0.228480329,0.059508369,0.490966357,0.221044945
21728,0.083355043,0.11781952,0.371821546,0.427003891
21729,0.243105057,0.268635394,0.112220633,0.376038916
21730,0.366140874,0.087338992,0.14112347,0.405396663
21731,0.249295718,0.1720546,0.366535661,0.212114022
21732,0.315759956,0.221145256,0.085562178,0.37753261
21733,0.38852914,0.369456591,0.088474311,0.153539959
21734,0.078347121,0.50762728,0.217446711,0.196578887
21735,0.235464491,0.343047233,0.083166905,0.338321372
21736,0.536630621,0.19450074,0.092309666,0.176558973
21737,0.268391864,0.176998412,0.411928415,0.142681309
21738,0.320663936,0.278993134,0.274068993,0.126273936
21739,0.139262744,0.515816053,0.24889337,0.096027833
21740,0.063208639,0.612635827,0.223222812,0.100932723
21741,0.089691786,0.42938536,0.204485956,0.276436898
21742,0.23719619,0.232688823,0.387373625,0.142741362
21743,0.405187894,0.294674466,0.080500647,0.219636994
21744,0.272969586,0.224192302,0.38146859,0.121369523
21745,0.254585294,0.206937753,0.302574459,0.235902494
21746,0.28033275,0.432720916,0.090434787,0.196511547
21747,0.353414051,0.389085829,0.132731777,0.124768344
21748,0.311098924,0.427987743,0.140856444,0.120056888
21749,0.092389201,0.432739791,0.299581645,0.175289362
21750,0.076601209,0.119573433,0.590470446,0.213354912
21751,0.472620184,0.068329274,0.312161327,0.146889214
21752,0.367183762,0.172643135,0.143972917,0.316200187
21753,0.242174834,0.200274795,0.267953365,0.289597006
21754,0.075638983,0.499825521,0.151582285,0.272953211
21755,0.175530885,0.324460258,0.253478376,0.246530481
21756,0.103663022,0.403990887,0.151519771,0.340826319
21757,0.154207929,0.518686076,0.037085552,0.290020443
21758,0.193728908,0.325385029,0.178081334,0.302804728
21759,0.307653697,0.3550529,0.175016359,0.162277043
21760,0.162819938,0.055045814,0.379468906,0.402665342
21761,0.109138732,0.143194612,0.509550017,0.238116639
21762,0.044260263,0.732303108,0.035410495,0.188026134
21763,0.564676028,0.065655458,0.042254671,0.327413843
21764,0.218748846,0.045034679,0.533021061,0.203195414
21765,0.474044063,0.125639821,0.099475777,0.300840339
21766,0.096770333,0.40175484,0.045634218,0.455840609
21767,0.091229614,0.18777526,0.39675969,0.324235435
21768,0.159901524,0.440211581,0.241364993,0.158521901
21769,0.178819737,0.207246465,0.092510399,0.521423399
21770,0.122059697,0.324124219,0.324185309,0.229630775
21771,0.04717831,0.120733812,0.42219725,0.409890628
21772,0.130889471,0.394723852,0.212504848,0.261881829
21773,0.184325929,0.432502137,0.071286886,0.311885049
21774,0.041284806,0.131668205,0.556772801,0.270274187
21775,0.201257773,0.373062389,0.187457854,0.238221983
21776,0.400823763,0.287392895,0.133104805,0.178678537
21777,0.080141938,0.068564703,0.564019854,0.287273505
21778,0.272363266,0.145311908,0.167451023,0.414873804
21779,0.406096665,0.202092136,0.08953953,0.302271669
21780,0.18355272,0.124853315,0.461679119,0.229914845
21781,0.089009514,0.089607314,0.615283581,0.206099591
21782,0.465029073,0.057732285,0.350480548,0.126758093
21783,0.328921196,0.139475184,0.146268986,0.385334634
21784,0.604274704,0.222552476,0.066484276,0.106688544
21785,0.165891522,0.55116282,0.193681385,0.089264273
21786,0.130506555,0.0930703,0.260182849,0.516240296
21787,0.126572523,0.555918284,0.071679017,0.245830176
21788,0.450517434,0.254664984,0.062628378,0.232189205
21789,0.13103457,0.267822078,0.243259491,0.357883861
21790,0.5640645,0.116213208,0.114164644,0.205557648
21791,0.330488892,0.170013409,0.147754304,0.351743395
21792,0.077219154,0.324982002,0.42080274,0.176996104
21793,0.157820518,0.263121434,0.455829784,0.123228264
21794,0.048917047,0.501158074,0.267433954,0.182490925
21795,0.219904009,0.03822609,0.584933595,0.156936305
21796,0.250861947,0.292136633,0.184356067,0.272645352
21797,0.278427813,0.384190941,0.167925678,0.169455568
21798,0.425548126,0.064737197,0.323023307,0.186691371
21799,0.108315692,0.1110289,0.210443581,0.570211826
21800,0.092794554,0.122374251,0.355434485,0.429396709
21801,0.1481894,0.183995609,0.294208204,0.373606787
21802,0.060482449,0.191042575,0.423339611,0.325135365
21803,0.097222637,0.129338085,0.492516109,0.280923169
21804,0.233270402,0.505621652,0.12557911,0.135528837
21805,0.514585151,0.061860785,0.153098419,0.270455645
21806,0.09547138,0.419344749,0.208370336,0.276813535
21807,0.12542047,0.46088549,0.147032729,0.266661311
21808,0.293384079,0.131336449,0.181779855,0.393499617
21809,0.593784324,0.091069423,0.075973038,0.239173215
21810,0.602547051,0.065049475,0.202421243,0.129982231
21811,0.218990544,0.426250083,0.263250176,0.091509197
21812,0.148731715,0.103646884,0.446653426,0.300967974
21813,0.214303734,0.519396795,0.097424998,0.168874473
21814,0.152563301,0.287624965,0.39906918,0.160742554
21815,0.368262204,0.092838573,0.330622334,0.20827689
21816,0.319593149,0.431537359,0.117541574,0.131327917
21817,0.122353119,0.093258025,0.669156184,0.115232671
21818,0.112620416,0.118438297,0.432612005,0.336329281
21819,0.254739801,0.203132192,0.126591055,0.415536951
21820,0.548353,0.144256727,0.139881753,0.16750852
21821,0.144884295,0.1889631,0.450319246,0.215833359
21822,0.345148045,0.480803434,0.086608478,0.087440043
21823,0.145286675,0.436566598,0.276487748,0.141658979
21824,0.142549881,0.521785101,0.254004689,0.08166033
21825,0.080994147,0.479728781,0.166534529,0.272742543
21826,0.212055632,0.439422818,0.282254545,0.066267005
21827,0.06834709,0.120795304,0.678601551,0.132256056
21828,0.152212391,0.50995824,0.132894191,0.204935178
21829,0.120522657,0.188851604,0.524676443,0.165949295
21830,0.116387103,0.16347569,0.521716524,0.198420682
21831,0.255653544,0.346688585,0.112963972,0.2846939
21832,0.202591856,0.486111637,0.07345092,0.237845587
21833,0.561146069,0.081647622,0.217024249,0.140182061
21834,0.497077322,0.220104975,0.112014243,0.170803459
21835,0.115936916,0.39377637,0.141048913,0.3492378
21836,0.064711799,0.091107898,0.599772554,0.244407749
21837,0.143447647,0.098102614,0.392439197,0.366010542
21838,0.294778811,0.165462648,0.374359731,0.165398809
21839,0.129994871,0.494275875,0.158218809,0.217510444
21840,0.495790674,0.121078522,0.236652727,0.146478077
21841,0.456062128,0.202921783,0.141495719,0.199520369
21842,0.07414711,0.304557228,0.450679002,0.17061666
21843,0.489398052,0.093252739,0.145420861,0.271928348
21844,0.075524672,0.522221407,0.208170178,0.194083743
21845,0.275889321,0.192582365,0.260649747,0.270878567
21846,0.099760187,0.500301014,0.186379839,0.213558961
21847,0.367769401,0.111736933,0.359151413,0.161342253
21848,0.150349555,0.183806285,0.104260082,0.561584078
21849,0.437827157,0.387213342,0.05591705,0.119042451
21850,0.439890662,0.168079485,0.100270091,0.291759761
21851,0.158313865,0.599124865,0.049914575,0.192646696
21852,0.390076383,0.183930418,0.16162354,0.264369659
21853,0.087308493,0.178243231,0.335061486,0.39938679
21854,0.358157647,0.13877897,0.143913427,0.359149956
21855,0.104383851,0.398738258,0.098784824,0.398093066
21856,0.418944957,0.199937768,0.257084716,0.124032559
21857,0.105263484,0.443438149,0.110743017,0.340555349
21858,0.510796838,0.101518269,0.051609007,0.336075886
21859,0.43620917,0.104672916,0.099450698,0.359667216
21860,0.456235312,0.282175473,0.074864905,0.186724309
21861,0.11758919,0.166374861,0.539633077,0.176402872
21862,0.045441329,0.471893151,0.294245862,0.188419658
21863,0.071565383,0.399695001,0.199508355,0.329231261
21864,0.247183483,0.510166143,0.059578909,0.183071464
21865,0.119019555,0.316331984,0.398053816,0.166594645
21866,0.212890622,0.16721324,0.404005572,0.215890565
21867,0.060405328,0.119562507,0.25077953,0.569252635
21868,0.136068256,0.081454687,0.450151266,0.33232579
21869,0.245162375,0.093677288,0.169737027,0.491423311
21870,0.225991846,0.16723351,0.275675756,0.331098887
21871,0.690798327,0.073091738,0.04332365,0.192786286
21872,0.048959446,0.469620533,0.283484451,0.19793557
21873,0.329712741,0.337084708,0.233014949,0.100187602
21874,0.076403114,0.66374238,0.09703808,0.162816426
21875,0.327526939,0.363949885,0.058170065,0.250353111
21876,0.491390056,0.130900283,0.155967623,0.221742037
21877,0.08542768,0.402862888,0.084943262,0.42676617
21878,0.330090198,0.502132072,0.049443812,0.118333918
21879,0.2509496,0.27594741,0.103743358,0.369359632
21880,0.445564156,0.125275878,0.225765018,0.203394948
21881,0.106392088,0.315190459,0.185783504,0.392633949
21882,0.195693199,0.177837733,0.237232939,0.389236129
21883,0.085835281,0.316107707,0.216476491,0.381580521
21884,0.185302493,0.503554938,0.034191673,0.276950896
21885,0.08650786,0.407921688,0.077798755,0.427771697
21886,0.208196236,0.252630563,0.102581282,0.436591919
21887,0.173729713,0.090911793,0.438868946,0.296489548
21888,0.068890713,0.419579469,0.320521859,0.191007959
21889,0.180644282,0.300591829,0.300661725,0.218102164
21890,0.305480924,0.184767019,0.209376235,0.300375821
21891,0.44125024,0.054199329,0.359680694,0.144869737
21892,0.08805566,0.362090737,0.111745262,0.438108341
21893,0.154535361,0.433972611,0.099702794,0.311789234
21894,0.175798927,0.092897966,0.295357571,0.435945537
21895,0.052772984,0.070251076,0.737346734,0.139629207
21896,0.395568421,0.16019852,0.314435437,0.129797622
21897,0.20547053,0.38011959,0.303101296,0.111308584
21898,0.202887185,0.294179284,0.282141344,0.220792186
21899,0.237150527,0.151209413,0.507700028,0.103940032
21900,0.110031434,0.110514933,0.155195473,0.62425816
21901,0.221055271,0.57621736,0.043809697,0.158917671
21902,0.080698968,0.169992924,0.564484615,0.184823494
21903,0.070959279,0.130802408,0.618101763,0.18013655
21904,0.333258452,0.091782741,0.241062315,0.333896491
21905,0.05987715,0.393267365,0.271692416,0.275163069
21906,0.122090229,0.248136903,0.089881706,0.539891161
21907,0.084864308,0.38093358,0.217637565,0.316564547
21908,0.318014079,0.218067205,0.225019249,0.238899467
21909,0.22198986,0.11102006,0.384590332,0.282399748
21910,0.405052291,0.192310866,0.122441788,0.280195055
21911,0.250686077,0.426170711,0.162728909,0.160414303
21912,0.182677215,0.479084908,0.051174322,0.287063554
21913,0.18537279,0.290370948,0.171665495,0.352590768
21914,0.136061211,0.128724971,0.165130875,0.570082943
21915,0.263420391,0.111887939,0.31372045,0.310971219
21916,0.097989967,0.135759266,0.241484245,0.524766522
21917,0.135405872,0.151783816,0.226118021,0.48669229
21918,0.073831834,0.109757649,0.586918783,0.229491733
21919,0.185268365,0.076902347,0.57754693,0.160282358
21920,0.194961591,0.23257217,0.166518791,0.405947449
21921,0.138938107,0.564880408,0.106811616,0.189369869
21922,0.394692842,0.265483076,0.092023487,0.247800596
21923,0.154868744,0.101085475,0.204498635,0.539547147
21924,0.222135048,0.156211699,0.2020745,0.419578752
21925,0.384252811,0.188412661,0.255855507,0.171479021
21926,0.410075735,0.093390745,0.122061638,0.374471882
21927,0.129228235,0.162066068,0.43730307,0.271402627
21928,0.15631701,0.460540036,0.091253282,0.291889672
21929,0.114248276,0.115492414,0.142135609,0.628123701
21930,0.058211841,0.295646425,0.238948878,0.407192856
21931,0.174726221,0.317453308,0.072725313,0.435095158
21932,0.098903309,0.053725453,0.530250553,0.317120685
21933,0.086572411,0.452395055,0.06810842,0.392924114
21934,0.112498837,0.333567811,0.203451218,0.350482134
21935,0.170648897,0.21499276,0.132798246,0.481560096
21936,0.212212221,0.243823267,0.185073578,0.358890934
21937,0.061429229,0.129459896,0.503800196,0.305310679
21938,0.059906769,0.429574482,0.16086241,0.349656339
21939,0.097235687,0.340450822,0.106691983,0.455621507
21940,0.397424541,0.227735793,0.111599243,0.263240422
21941,0.110892369,0.091475093,0.294033933,0.503598605
21942,0.176684985,0.469279376,0.165543615,0.188492024
21943,0.100879446,0.351289592,0.109460363,0.438370599
21944,0.100881258,0.340750846,0.307030832,0.251337063
21945,0.097819762,0.344157632,0.09885398,0.459168627
21946,0.336969148,0.170895902,0.15421492,0.337920029
21947,0.494007667,0.199625811,0.085560448,0.220806074
21948,0.092604471,0.498648721,0.234050138,0.17469667
21949,0.154815781,0.288561691,0.181138136,0.375484392
21950,0.102393475,0.368962256,0.134280999,0.394363269
21951,0.117028497,0.240657811,0.258348541,0.383965151
21952,0.369463561,0.097073816,0.103844584,0.429618039
21953,0.311195344,0.309932124,0.075267073,0.303605458
21954,0.168930449,0.093659214,0.171690744,0.565719593
21955,0.398984689,0.119365515,0.186765612,0.294884184
21956,0.090262869,0.134194454,0.13856157,0.636981107
21957,0.374861073,0.130721816,0.26312394,0.231293172
21958,0.044181207,0.616207143,0.13460203,0.20500962
21959,0.083976942,0.105854881,0.102820975,0.707347202
21960,0.158101317,0.491509917,0.076166987,0.274221779
21961,0.224544457,0.142667026,0.342837864,0.289950653
21962,0.58288438,0.153480542,0.084015779,0.179619299
21963,0.076295617,0.467406931,0.31673047,0.139566982
21964,0.161464174,0.059963559,0.595279132,0.183293135
21965,0.101202144,0.091114626,0.343378236,0.464304995
21966,0.088154698,0.074073441,0.338389196,0.499382666
21967,0.488677058,0.041396696,0.236118231,0.233808015
21968,0.256888629,0.42460994,0.058621222,0.259880209
21969,0.060010874,0.160385527,0.178300947,0.601302652
21970,0.1989292,0.172047008,0.11006584,0.518957952
21971,0.210399487,0.284841042,0.369035536,0.135723935
21972,0.370766925,0.119904062,0.127736009,0.381593004
21973,0.403842811,0.146562743,0.053225305,0.396369141
21974,0.507113383,0.186649176,0.059002724,0.247234717
21975,0.064389697,0.104464051,0.282270917,0.548875334
21976,0.363650273,0.247486825,0.26149709,0.127365811
21977,0.127944557,0.372752867,0.198194784,0.301107791
21978,0.230305062,0.057389051,0.261710231,0.450595656
21979,0.218604757,0.248749339,0.065242061,0.467403843
21980,0.076902651,0.509227746,0.118065342,0.295804261
21981,0.126113221,0.326022722,0.244209862,0.303654194
21982,0.141477981,0.218545456,0.206592602,0.43338396
21983,0.054438818,0.084957163,0.237918488,0.62268553
21984,0.112675141,0.236278422,0.181946377,0.46910006
21985,0.056131345,0.578382467,0.046608464,0.318877725
21986,0.101374643,0.109922888,0.530745841,0.257956628
21987,0.062418741,0.27734324,0.160887016,0.499351003
21988,0.282530263,0.213763617,0.158449253,0.345256868
21989,0.085935841,0.312723234,0.201810243,0.399530682
21990,0.0454382,0.332953505,0.196304019,0.425304276
21991,0.247631275,0.190021275,0.139049212,0.423298238
21992,0.152899337,0.199247571,0.082433306,0.565419785
21993,0.088852218,0.474456206,0.061811859,0.374879717
21994,0.070092281,0.277427859,0.486819927,0.165659932
21995,0.048967938,0.165256616,0.409040574,0.376734871
21996,0.314467579,0.193831633,0.050563819,0.441136969
21997,0.324296934,0.113155239,0.207787748,0.354760079
21998,0.255059495,0.139277106,0.095286035,0.510377364
21999,0.104790544,0.523228858,0.101827907,0.270152691
22000,0.497910504,0.054675642,0.211474583,0.235939271
22001,0.111025851,0.444348914,0.279190772,0.165434462
22002,0.151463099,0.3972406,0.078464638,0.372831662
22003,0.063125689,0.210005297,0.497837995,0.229031019
22004,0.459989136,0.177039466,0.08769953,0.275271867
22005,0.222021457,0.103885546,0.261996915,0.412096082
22006,0.054338153,0.278288714,0.192730943,0.474642189
22007,0.210153347,0.42134408,0.17197724,0.196525334
22008,0.062376741,0.19075536,0.437000894,0.309867005
22009,0.352766958,0.125011146,0.212420898,0.309800997
22010,0.132704293,0.491471087,0.086653621,0.289171
22011,0.090273692,0.29508156,0.296429484,0.318215264
22012,0.242127334,0.213854548,0.144681325,0.399336792
22013,0.28571955,0.114967094,0.367924021,0.231389334
22014,0.124096242,0.131360513,0.539788425,0.204754821
22015,0.095885145,0.109698234,0.395897224,0.398519397
22016,0.08275619,0.354706135,0.11463848,0.447899196
22017,0.060767986,0.611624069,0.101292714,0.226315231
22018,0.284913681,0.184060003,0.254498807,0.276527508
22019,0.287881947,0.102946335,0.2925989,0.316572818
22020,0.156398537,0.167643041,0.316994116,0.358964304
22021,0.103596958,0.269273239,0.293682965,0.333446838
22022,0.455903083,0.093562099,0.149034963,0.301499854
22023,0.290204643,0.076481561,0.367475895,0.265837902
22024,0.246036182,0.08559438,0.123925313,0.544444125
22025,0.371002815,0.185749434,0.095358995,0.347888756
22026,0.578890589,0.107686233,0.062924701,0.250498477
22027,0.327412854,0.171921791,0.122684607,0.377980748
22028,0.409789571,0.116433716,0.092566628,0.381210085
22029,0.082435578,0.112933711,0.12324545,0.681385261
22030,0.412894859,0.085037842,0.295682751,0.206384548
22031,0.202057544,0.188314582,0.08260462,0.527023253
22032,0.133148151,0.216858789,0.120304955,0.529688105
22033,0.098508758,0.118503987,0.557296416,0.225690839
22034,0.631277835,0.08474306,0.072705672,0.211273432
22035,0.330076083,0.095072148,0.106915211,0.467936558
22036,0.439537318,0.246779111,0.083453461,0.230230109
22037,0.182186945,0.19206541,0.058581354,0.567166291
22038,0.121884364,0.31814331,0.085837263,0.474135063
22039,0.428036387,0.262399832,0.075226269,0.234337512
22040,0.227622578,0.387219015,0.154529227,0.23062918
22041,0.217174621,0.061881616,0.532352566,0.188591196
22042,0.238894368,0.208366904,0.348177709,0.20456102
22043,0.157393047,0.554117079,0.099754484,0.18873539
22044,0.136128608,0.127422457,0.284452763,0.451996172
22045,0.091709276,0.397875612,0.176457509,0.333957603
22046,0.202847769,0.205545719,0.27002644,0.321580071
22047,0.18803431,0.384774259,0.15076967,0.276421761
22048,0.101154564,0.681523563,0.073918575,0.143403297
22049,0.106804147,0.58121137,0.097211401,0.214773082
22050,0.223255172,0.336787151,0.317028083,0.122929594
22051,0.12055743,0.142639258,0.558912115,0.177891197
22052,0.232792834,0.343204918,0.227739993,0.196262255
22053,0.065232073,0.622432114,0.162267199,0.150068613
22054,0.116050109,0.109027931,0.613713201,0.161208758
22055,0.207633728,0.203468041,0.469609333,0.119288897
22056,0.225926619,0.191188863,0.401179483,0.181705034
22057,0.32077624,0.117265427,0.319998086,0.241960247
22058,0.21406927,0.53958397,0.134567968,0.111778793
22059,0.292435908,0.459949347,0.06428094,0.183333806
22060,0.221608351,0.215031554,0.062584294,0.500775801
22061,0.097698885,0.180633067,0.455546137,0.266121911
22062,0.073047062,0.274370155,0.493180561,0.159402222
22063,0.035048181,0.564061625,0.221012845,0.179877349
22064,0.446674249,0.192453544,0.137847447,0.22302476
22065,0.156173766,0.168873301,0.369732646,0.305220288
22066,0.443497235,0.1390164,0.129867433,0.287618932
22067,0.358347029,0.230247849,0.066610932,0.34479419
22068,0.179784028,0.64134455,0.028574876,0.150296547
22069,0.081860892,0.435254879,0.101932548,0.380951681
22070,0.373440389,0.08708591,0.103266268,0.436207433
22071,0.266867525,0.2347613,0.078499713,0.419871462
22072,0.045692637,0.612075373,0.190954169,0.15127782
22073,0.15874068,0.151353284,0.271497446,0.41840859
22074,0.054868629,0.626557559,0.116175789,0.202398023
22075,0.116552937,0.211166644,0.240036633,0.432243786
22076,0.578068101,0.142820839,0.080824624,0.198286435
22077,0.201048979,0.091415234,0.08439708,0.623138708
22078,0.393708337,0.137367758,0.100882093,0.368041811
22079,0.417794243,0.059626726,0.072443553,0.450135479
22080,0.143638153,0.100733655,0.39318602,0.362442172
22081,0.089017656,0.462343979,0.106961205,0.34167716
22082,0.453260666,0.167493387,0.095921556,0.283324391
22083,0.041260495,0.411300373,0.157791946,0.389647186
22084,0.141442826,0.115587904,0.06292677,0.680042499
22085,0.257461248,0.106436645,0.153282789,0.482819317
22086,0.097372167,0.374412928,0.06174144,0.466473465
22087,0.072210774,0.077498564,0.305133528,0.545157134
22088,0.122658461,0.204467903,0.09614922,0.576724416
22089,0.041262823,0.502601908,0.166023221,0.290112048
22090,0.101236046,0.152382608,0.203071049,0.543310297
22091,0.062738748,0.113093133,0.516859185,0.307308933
22092,0.514484052,0.197952236,0.05163167,0.235932042
22093,0.089690941,0.132587918,0.403219777,0.374501364
22094,0.109869779,0.082575669,0.291795597,0.515758956
22095,0.067070405,0.224609198,0.156088035,0.552232362
22096,0.142467175,0.064809545,0.445603442,0.347119838
22097,0.457252822,0.0480139,0.078016634,0.416716644
22098,0.230558097,0.069226158,0.508594234,0.191621511
22099,0.066048007,0.284811363,0.106694112,0.542446518
22100,0.063936069,0.151827742,0.545260824,0.238975365
22101,0.407932833,0.190840586,0.129647596,0.271578984
22102,0.083879622,0.288899816,0.135409856,0.491810706
22103,0.195564445,0.2857391,0.164086002,0.354610453
22104,0.259177274,0.286872319,0.070760701,0.383189707
22105,0.043829657,0.261170854,0.157894313,0.537105176
22106,0.495505138,0.160306747,0.061097492,0.283090622
22107,0.110514475,0.087592615,0.52123524,0.28065767
22108,0.322398877,0.125132065,0.176697563,0.375771496
22109,0.278592809,0.406262381,0.087026057,0.228118753
22110,0.078834479,0.08979385,0.16991596,0.661455712
22111,0.294397457,0.189156264,0.105517283,0.410928996
22112,0.043380077,0.203207608,0.479686001,0.273726315
22113,0.054779797,0.51903301,0.147811087,0.278376106
22114,0.187779991,0.0987911,0.15987927,0.553549638
22115,0.159172291,0.138351211,0.094160099,0.6083164
22116,0.059236545,0.163207464,0.489077183,0.288478808
22117,0.273236023,0.155327711,0.363585237,0.207851029
22118,0.593101621,0.075541085,0.064696425,0.266660869
22119,0.081055099,0.529698234,0.092686756,0.29655991
22120,0.131446435,0.07665201,0.498253416,0.293648139
22121,0.088707468,0.237962904,0.170196865,0.503132762
22122,0.13998009,0.275457108,0.431773303,0.152789499
22123,0.08964026,0.383427358,0.216968048,0.309964334
22124,0.056489033,0.438035937,0.201459739,0.304015292
22125,0.259026834,0.137951644,0.168702386,0.434319137
22126,0.161158907,0.153872882,0.253043772,0.431924438
22127,0.502931907,0.123699376,0.149114983,0.224253734
22128,0.353542613,0.247292972,0.211480547,0.187683868
22129,0.083324292,0.09033468,0.182392504,0.643948524
22130,0.074546064,0.326447771,0.382328132,0.216678033
22131,0.573926431,0.08292745,0.133402852,0.209743267
22132,0.101906221,0.317183626,0.323458205,0.257451948
22133,0.060111835,0.105602082,0.566968952,0.26731713
22134,0.308683332,0.107177446,0.197731494,0.386407728
22135,0.61964427,0.049302901,0.059061467,0.271991361
22136,0.21119024,0.211379243,0.05191662,0.525513896
22137,0.264612598,0.17502686,0.167224209,0.393136334
22138,0.208004758,0.366931715,0.10262636,0.322437166
22139,0.103420784,0.405940728,0.18875266,0.301885829
22140,0.083436341,0.069856883,0.420392357,0.426314418
22141,0.065330357,0.277896629,0.2713948,0.385378214
22142,0.151704513,0.075267136,0.522500031,0.250528319
22143,0.1989578,0.218196562,0.304722176,0.278123461
22144,0.03063625,0.199813843,0.565838909,0.203710998
22145,0.103296978,0.1484983,0.377506522,0.370698201
22146,0.229812745,0.055856903,0.388361178,0.325969173
22147,0.319575163,0.071651795,0.230220761,0.378552281
22148,0.409888529,0.087855769,0.117922173,0.38433353
22149,0.092493357,0.480740836,0.039349042,0.387416766
22150,0.119496956,0.098481245,0.538972429,0.24304937
22151,0.204063759,0.056495466,0.443137173,0.296303602
22152,0.154014746,0.065746811,0.070504525,0.709733918
22153,0.04578751,0.385372599,0.34361681,0.225223081
22154,0.071021354,0.507111015,0.110092773,0.311774859
22155,0.106160708,0.288596857,0.303634055,0.301608381
22156,0.080597152,0.417506387,0.130137065,0.371759396
22157,0.106547676,0.349380582,0.363901443,0.180170299
22158,0.092682538,0.348321011,0.098249106,0.460747345
22159,0.09729196,0.27716027,0.462044466,0.163503304
22160,0.115571032,0.199918716,0.128106021,0.556404232
22161,0.062549274,0.266071592,0.208524647,0.462854487
22162,0.092964668,0.225786829,0.393429933,0.287818571
22163,0.411668996,0.097397363,0.076509432,0.414424209
22164,0.057949452,0.050467099,0.58943396,0.302149489
22165,0.074301934,0.450768011,0.173085838,0.301844217
22166,0.391727388,0.405897807,0.074837216,0.127537588
22167,0.4185468,0.243001106,0.176257493,0.162194601
22168,0.160058074,0.119162327,0.469035625,0.251743975
22169,0.358219156,0.0625873,0.19409946,0.385094084
22170,0.060005257,0.233371917,0.49865283,0.207969996
22171,0.097233554,0.327268215,0.32010989,0.255388342
22172,0.13271722,0.144505113,0.097086897,0.625690771
22173,0.159738944,0.505487107,0.058247439,0.27652651
22174,0.49353337,0.124272052,0.06655182,0.315642758
22175,0.113020082,0.394625233,0.119561112,0.372793573
22176,0.299172914,0.107432002,0.23543786,0.357957224
22177,0.169950055,0.090388518,0.169124509,0.570536918
22178,0.241440323,0.447121671,0.105896529,0.205541477
22179,0.076905178,0.332399178,0.059904638,0.530791006
22180,0.254771104,0.094843403,0.426655333,0.223730161
22181,0.09425984,0.508434396,0.09763086,0.299674904
22182,0.358160463,0.095260576,0.258138108,0.288440853
22183,0.201096636,0.410927075,0.09254915,0.295427139
22184,0.277639326,0.065192652,0.159928587,0.497239435
22185,0.201540097,0.269053402,0.08743082,0.441975681
22186,0.094825219,0.457330005,0.121224907,0.326619869
22187,0.160621292,0.230687393,0.080524895,0.52816642
22188,0.209428159,0.195712609,0.362210723,0.23264851
22189,0.250186159,0.068963067,0.390312638,0.290538137
22190,0.079228705,0.409752259,0.115425108,0.395593928
22191,0.207537096,0.094812862,0.516250673,0.181399369
22192,0.145015056,0.182619175,0.19206444,0.48030133
22193,0.101944174,0.139045442,0.107772607,0.651237778
22194,0.225663653,0.259718021,0.044538956,0.47007937
22195,0.163765529,0.538952049,0.176964348,0.120318074
22196,0.207516671,0.088918084,0.110927694,0.592637551
22197,0.118975737,0.420043822,0.073681334,0.387299106
22198,0.102856721,0.072267601,0.114400445,0.710475232
22199,0.610902854,0.093317323,0.086460562,0.209319261
22200,0.390749677,0.080609566,0.123384077,0.40525668
22201,0.188418918,0.494035172,0.105014011,0.212531899
22202,0.488792922,0.217332967,0.072653022,0.221221089
22203,0.441099349,0.246986664,0.080039741,0.231874246
22204,0.143550556,0.209566277,0.053748497,0.593134671
22205,0.290970991,0.19736824,0.184688063,0.326972706
22206,0.059600545,0.161128205,0.396731516,0.382539734
22207,0.097986065,0.087712036,0.366212419,0.44808948
22208,0.289177359,0.319873175,0.080762618,0.310186848
22209,0.142636839,0.112612378,0.074039441,0.670711343
22210,0.093353835,0.181212496,0.146307355,0.579126314
22211,0.143163898,0.208967089,0.070524361,0.577344651
22212,0.040705155,0.346879651,0.323624257,0.288790937
22213,0.11905971,0.286461807,0.155868231,0.438610251
22214,0.077105847,0.262268421,0.331683494,0.328942238
22215,0.08185841,0.148629183,0.560267251,0.209245157
22216,0.437116122,0.167803285,0.1042576,0.290822994
22217,0.093931425,0.113007429,0.536927515,0.25613363
22218,0.099202038,0.354302885,0.056342048,0.490153029
22219,0.324928477,0.07928531,0.115523868,0.480262345
22220,0.688290397,0.045786981,0.098789397,0.167133225
22221,0.106484516,0.172619019,0.121284857,0.599611607
22222,0.609276869,0.108835337,0.102515645,0.179372148
22223,0.236416508,0.365435875,0.0717515,0.326396117
22224,0.245505397,0.134569053,0.181964143,0.437961407
22225,0.529308958,0.198795552,0.128120889,0.143774601
22226,0.129652823,0.074591376,0.56589649,0.229859311
22227,0.371273929,0.222436635,0.194210153,0.212079283
22228,0.055048187,0.554932111,0.142018679,0.248001023
22229,0.192469687,0.425626601,0.128197745,0.253705967
22230,0.19620766,0.094013098,0.54147594,0.168303302
22231,0.590784837,0.159774075,0.108618729,0.140822358
22232,0.349025817,0.202724156,0.112487106,0.335762921
22233,0.094501977,0.11178744,0.356666377,0.437044206
22234,0.300428621,0.37496802,0.06415843,0.260444929
22235,0.318701353,0.087267272,0.132745543,0.461285832
22236,0.662048015,0.094141399,0.062895689,0.180914898
22237,0.287636083,0.079726552,0.291905524,0.340731842
22238,0.047397452,0.208076873,0.517091427,0.227434248
22239,0.121207694,0.559616334,0.137379449,0.181796522
22240,0.120108457,0.280689246,0.261051806,0.338150491
22241,0.278092212,0.155575234,0.172437798,0.393894756
22242,0.484692606,0.135061746,0.078512178,0.30173347
22243,0.054713663,0.621685249,0.066523005,0.257078083
22244,0.275941659,0.428962877,0.133443264,0.1616522
22245,0.554344833,0.084081144,0.080044136,0.281529887
22246,0.143177726,0.51133505,0.11470443,0.230782794
22247,0.097936134,0.100642414,0.59173436,0.209687093
22248,0.378395595,0.085772128,0.422390956,0.11344132
22249,0.080469015,0.16843115,0.280853029,0.470246806
22250,0.421139894,0.059847571,0.17881364,0.340198895
22251,0.114668286,0.106454269,0.357946585,0.420930861
22252,0.159706079,0.085757535,0.425024528,0.329511857
22253,0.201372868,0.402269203,0.061580075,0.334777854
22254,0.054868082,0.136136248,0.383134322,0.425861346
22255,0.115381704,0.079146925,0.244758751,0.56071262
22256,0.285477762,0.070361446,0.213423093,0.430737699
22257,0.422322554,0.07415132,0.246985796,0.256540331
22258,0.075316225,0.403179919,0.248808656,0.2726952
22259,0.183231374,0.100416673,0.188166396,0.528185557
22260,0.078177201,0.094515483,0.337798569,0.489508748
22261,0.158319632,0.117686494,0.362138433,0.361855441
22262,0.294297076,0.285304832,0.127856658,0.292541435
22263,0.09635299,0.294284418,0.083181092,0.526181501
22264,0.355316455,0.27113549,0.08265684,0.290891215
22265,0.209949755,0.125782446,0.454022316,0.210245483
22266,0.156115579,0.076715679,0.324034804,0.443133937
22267,0.043913618,0.056942594,0.434734153,0.464409634
22268,0.294451323,0.214822749,0.133681534,0.357044394
22269,0.25154249,0.5509749,0.032606044,0.164876567
22270,0.106055466,0.187822915,0.319011018,0.387110601
22271,0.129360542,0.312196308,0.377397657,0.181045493
22272,0.190573644,0.413428932,0.085215139,0.310782285
22273,0.261101953,0.265446469,0.219368266,0.254083312
22274,0.196535167,0.463371773,0.050733007,0.289360052
22275,0.100720528,0.451439624,0.211100148,0.236739699
22276,0.071384759,0.16466609,0.401246673,0.362702479
22277,0.217631325,0.225592425,0.415894695,0.140881557
22278,0.090908821,0.352805558,0.27360956,0.282676061
22279,0.429705832,0.229923529,0.079248777,0.261121862
22280,0.251718698,0.116399118,0.242137515,0.389744669
22281,0.581279087,0.07828929,0.115082312,0.225349311
22282,0.074810599,0.281989529,0.493765041,0.149434832
22283,0.088085424,0.217721235,0.233859827,0.460333515
22284,0.272854235,0.166761855,0.377498085,0.182885826
22285,0.064714365,0.404004844,0.111156351,0.42012444
22286,0.160241073,0.052120409,0.496752843,0.290885676
22287,0.292149307,0.308248573,0.080271516,0.319330604
22288,0.348919264,0.165494149,0.181624452,0.303962134
22289,0.125799119,0.527411106,0.151515349,0.195274427
22290,0.340801837,0.068626212,0.428676521,0.161895429
22291,0.564139311,0.116056178,0.100313765,0.219490745
22292,0.315409881,0.204344083,0.17864926,0.301596776
22293,0.194100966,0.422494325,0.095570302,0.287834406
22294,0.276467153,0.236753431,0.136176714,0.350602702
22295,0.18206088,0.227706727,0.416266307,0.173966086
22296,0.294745575,0.098769932,0.197677293,0.4088072
22297,0.146870282,0.238567724,0.356820188,0.257741806
22298,0.113848271,0.185980064,0.465655415,0.234516249
