No,Ch1,Ch2,Ch3,Ch4
21566,0.181315913,0.078449109,0.376060562,0.364174417
21567,0.038084399,0.30500962,0.434801799,0.222104183
21568,0.319497611,0.417867583,0.089596095,0.173038711
21569,0.607008855,0.072145274,0.117987626,0.202858244
21570,0.123717015,0.340318097,0.431138847,0.10482604
21571,0.093973292,0.545334648,0.140913688,0.219778373
21572,0.149035566,0.062166837,0.532590292,0.256207304
21573,0.109347463,0.136466892,0.193863067,0.560322578
21574,0.139816734,0.368903296,0.310714537,0.180565434
21575,0.046331037,0.075328957,0.650630527,0.22770948
21576,0.217794228,0.208432266,0.270486006,0.3032875
21577,0.229760719,0.123028174,0.524718309,0.122492799
21578,0.301817128,0.333310008,0.160399845,0.204473019
21579,0.065672829,0.150511174,0.179507267,0.604308731
21580,0.046119345,0.411461108,0.18353467,0.358884877
21581,0.381875801,0.074039326,0.158771254,0.385313619
21582,0.111666729,0.170137802,0.385649657,0.332545812
21583,0.147454488,0.141466631,0.252318352,0.458760528
21584,0.212676737,0.281416029,0.062071998,0.443835236
21585,0.241554058,0.312546047,0.133810434,0.31208946
21586,0.190875793,0.404616894,0.203188399,0.201318915
21587,0.045609607,0.390570514,0.252382449,0.311437431
21588,0.042709979,0.080047114,0.533301984,0.343940924
21589,0.175041425,0.056296654,0.462149903,0.306512017
21590,0.041874439,0.106016478,0.490984778,0.361124304
21591,0.064222567,0.200024743,0.32633783,0.40941486
21592,0.115356208,0.183656595,0.092531588,0.608455609
21593,0.341817069,0.211354088,0.165876702,0.280952141
21594,0.106422397,0.122550653,0.275952026,0.495074924
21595,0.224962113,0.130066714,0.056363435,0.588607738
21596,0.166144836,0.505621312,0.076790599,0.251443253
21597,0.389038048,0.252939046,0.065718091,0.292304815
21598,0.082316697,0.351944809,0.259321598,0.306416896
21599,0.234188101,0.374519731,0.222566428,0.168725739
21600,0.084385999,0.134723247,0.082424539,0.698466216
21601,0.054118446,0.148994211,0.160690377,0.636196966
21602,0.052417592,0.390232785,0.296711484,0.260638139
21603,0.371247093,0.082491389,0.144867987,0.401393531
21604,0.05437407,0.215491282,0.367436831,0.362697817
21605,0.20491321,0.078521825,0.454932093,0.261632873
21606,0.228907861,0.058712849,0.341973888,0.370405403
21607,0.457721809,0.104891634,0.065897352,0.371489204
21608,0.274259925,0.414129956,0.030744116,0.280866002
21609,0.065051899,0.089907187,0.488371433,0.356669481
21610,0.242533855,0.356013126,0.042906704,0.358546315
21611,0.057414654,0.059826635,0.499046132,0.383712579
21612,0.416167085,0.156978347,0.261976653,0.164877915
21613,0.057006196,0.160530192,0.325991886,0.456471726
21614,0.093859351,0.429496171,0.267514383,0.209130095
21615,0.304548223,0.311570993,0.038799624,0.34508116
21616,0.296760605,0.032857618,0.467284972,0.203096804
21617,0.229482694,0.367311796,0.162924711,0.2402808
21618,0.214097905,0.103588873,0.23883895,0.443474272
21619,0.141948665,0.141364454,0.107536572,0.609150308
21620,0.091929046,0.534037959,0.093503973,0.280529022
21621,0.180392852,0.299818391,0.172613699,0.347175059
21622,0.128762417,0.2679618,0.113337221,0.489938562
21623,0.401351152,0.368829297,0.064395294,0.165424258
21624,0.546864346,0.168691673,0.082970556,0.201473425
21625,0.130010065,0.101057956,0.441813332,0.327118646
21626,0.605814631,0.10176938,0.119576556,0.172839433
21627,0.140367765,0.25089446,0.329926414,0.278811362
21628,0.118252244,0.581764372,0.16557822,0.134405164
21629,0.512102114,0.162636006,0.106257324,0.219004556
21630,0.232029959,0.170861039,0.161409407,0.435699595
21631,0.151939178,0.040154696,0.724393745,0.083512382
21632,0.082698919,0.252599322,0.403171067,0.261530692
21633,0.156081498,0.306941551,0.190272653,0.346704299
21634,0.126395718,0.661464933,0.084043644,0.128095705
21635,0.047468365,0.565350933,0.264058847,0.123121856
21636,0.525906697,0.176251346,0.096181217,0.201660741
21637,0.410716617,0.327609377,0.077036822,0.184637184
21638,0.092116894,0.335178453,0.435751789,0.136952864
21639,0.212922212,0.517402257,0.128954146,0.140721385
21640,0.508055373,0.258596448,0.057328948,0.17601923
21641,0.164883248,0.241400729,0.485742715,0.107973308
21642,0.43966152,0.247739273,0.146703455,0.165895752
21643,0.054198328,0.242212821,0.497815248,0.205773603
21644,0.291204165,0.270367692,0.123442034,0.314986109
21645,0.076414424,0.590029416,0.163394675,0.170161484
21646,0.175116158,0.240818175,0.439555996,0.144509672
21647,0.181939378,0.224545113,0.430294699,0.16322081
21648,0.304243822,0.121298787,0.397606015,0.176851375
21649,0.443459095,0.114878127,0.280168555,0.161494224
21650,0.134387819,0.370971931,0.313073175,0.181567075
21651,0.494898679,0.086061781,0.159449471,0.259590069
21652,0.07140287,0.13448168,0.220872937,0.573242512
21653,0.583449767,0.176130523,0.077127437,0.163292274
21654,0.51180376,0.158301625,0.126386719,0.203507897
21655,0.336581925,0.043015792,0.474474611,0.145927672
21656,0.48664403,0.100538142,0.186596258,0.226221571
21657,0.467738993,0.122988018,0.14440816,0.264864829
21658,0.403402484,0.11048688,0.284259478,0.201851158
21659,0.570296268,0.125720684,0.111065356,0.192917692
21660,0.130597014,0.086617588,0.279302416,0.503482983
21661,0.121695248,0.299193447,0.161670835,0.41744047
21662,0.056939875,0.607522352,0.04527496,0.290262813
21663,0.135619818,0.119201131,0.503877415,0.241301636
21664,0.070349435,0.327124508,0.156790323,0.445735734
21665,0.369238073,0.2096624,0.158813251,0.262286276
21666,0.080102084,0.340254835,0.2368111,0.342831982
21667,0.048994902,0.381146127,0.232632376,0.337226595
21668,0.244891244,0.189784558,0.144456225,0.420867973
21669,0.194795866,0.194597758,0.0676793,0.542927076
21670,0.115036678,0.51204728,0.08558463,0.287331412
21671,0.082577748,0.291076998,0.477720551,0.148624702
21672,0.051962535,0.199609778,0.437844668,0.310583019
21673,0.389655148,0.167342832,0.04863398,0.39436804
21674,0.345712224,0.126931176,0.241294245,0.286062355
21675,0.306252093,0.148377918,0.121707797,0.423662192
21676,0.118278274,0.491059736,0.115119097,0.275542892
21677,0.458696327,0.070369075,0.254953235,0.215981363
21678,0.107825171,0.466987221,0.28955626,0.135631348
21679,0.199076211,0.393884759,0.094995673,0.312043356
21680,0.244772791,0.081901136,0.527754856,0.145571217
21681,0.249937134,0.07354068,0.168868142,0.507654044
21682,0.359045048,0.261088979,0.065875191,0.313990782
21683,0.320995818,0.054162905,0.297911892,0.326929385
21684,0.299825555,0.057373417,0.209694912,0.433106117
21685,0.158544545,0.227111818,0.122876125,0.491467513
21686,0.089588746,0.411390576,0.293614278,0.2054064
21687,0.146867657,0.086989194,0.409376988,0.356766161
21688,0.21749031,0.13762194,0.086770847,0.558116903
21689,0.165783545,0.551384918,0.101548308,0.181283229
21690,0.665804096,0.177534581,0.028192133,0.12846919
21691,0.166853602,0.497386808,0.106777307,0.228982284
21692,0.055948666,0.304077945,0.485657056,0.154316333
21693,0.075592885,0.655101207,0.034973917,0.234331992
21694,0.124114635,0.205462067,0.275223451,0.395199847
21695,0.341381334,0.331604227,0.229586469,0.09742797
21696,0.567019545,0.163663932,0.047190926,0.222125597
21697,0.424490131,0.210243401,0.21118156,0.154084908
21698,0.17295974,0.062403756,0.63864322,0.125993283
21699,0.230435527,0.53940808,0.044571255,0.185585137
21700,0.306550969,0.27684635,0.163983258,0.252619424
21701,0.454060372,0.114525982,0.139648885,0.29176476
21702,0.064818442,0.406308274,0.154325644,0.374547639
21703,0.113294189,0.301465335,0.088962714,0.496277762
21704,0.119428308,0.299708385,0.294641576,0.286221731
21705,0.150237647,0.080216413,0.443883988,0.325661953
21706,0.103991914,0.425900649,0.092791576,0.377315861
21707,0.077425008,0.554247323,0.178050162,0.190277506
21708,0.064045809,0.51233807,0.141338565,0.282277555
21709,0.256666155,0.136833381,0.066175529,0.540324935
21710,0.310394859,0.104886129,0.093944491,0.490774521
21711,0.058792979,0.50789872,0.243783799,0.189524503
21712,0.11603354,0.251017645,0.075444285,0.55750453
21713,0.507757066,0.119331887,0.134277958,0.238633089
21714,0.06902861,0.584914999,0.058920143,0.287136248
21715,0.495651705,0.146798836,0.154726239,0.202823221
21716,0.144129301,0.173275969,0.218329449,0.464265281
21717,0.173096925,0.066525548,0.475763519,0.284614008
21718,0.375112672,0.364829968,0.023415792,0.236641567
21719,0.189420071,0.172381723,0.12367032,0.514527887
21720,0.450636774,0.134316134,0.064871028,0.350176064
21721,0.140963839,0.228148557,0.366226523,0.264661081
21722,0.465569177,0.226774714,0.069439352,0.238216757
21723,0.072713824,0.283956839,0.215297324,0.428032013
21724,0.293999724,0.224317048,0.247830407,0.233852821
21725,0.086136113,0.21697332,0.243179771,0.453710796
21726,0.028885275,0.413713192,0.30935627,0.248045263
21727,0.245176292,0.058058462,0.444786983,0.251978263
21728,0.076891602,0.122884856,0.357185395,0.443038147
21729,0.252802467,0.288034824,0.1316602,0.327502509
21730,0.344863126,0.088974457,0.149002507,0.417159909
21731,0.220939177,0.161760288,0.388054013,0.229246521
21732,0.341065671,0.217373742,0.076425342,0.365135244
21733,0.361645046,0.38539963,0.086671934,0.16628339
21734,0.069482818,0.498199105,0.229891047,0.202427029
21735,0.241044752,0.34282508,0.090696185,0.325433984
21736,0.527311698,0.1887587,0.10154252,0.182387083
21737,0.247866063,0.195577501,0.414739047,0.141817388
21738,0.340237767,0.302182489,0.251389877,0.106189867
21739,0.112296724,0.57036159,0.227663663,0.089678023
21740,0.053082039,0.658971395,0.198526476,0.089420091
21741,0.08788613,0.449184086,0.207427937,0.255501847
21742,0.271962019,0.2017568,0.386649573,0.139631608
21743,0.346423316,0.332800173,0.07303786,0.247738651
21744,0.242735092,0.24062081,0.380676076,0.135968022
21745,0.274313349,0.222350735,0.257499311,0.245836605
21746,0.30951978,0.450017611,0.074548472,0.165914137
21747,0.311680184,0.43433254,0.137672077,0.116315199
21748,0.298233474,0.469442558,0.123971184,0.108352784
21749,0.099928008,0.460823879,0.294896782,0.144351331
21750,0.072788063,0.128333647,0.58459301,0.214285279
21751,0.517583877,0.064471937,0.305211515,0.112732671
21752,0.334885168,0.202107532,0.140480654,0.322526646
21753,0.209646814,0.207967316,0.296216119,0.286169752
21754,0.073430733,0.49634833,0.155241653,0.274979284
21755,0.189836713,0.375573353,0.208374256,0.226215678
21756,0.106175016,0.364099824,0.140467402,0.389257758
21757,0.157700938,0.56041011,0.0319773,0.249911651
21758,0.186107926,0.33945004,0.182521713,0.29192032
21759,0.315296038,0.349890286,0.186529193,0.148284482
21760,0.153432287,0.054110457,0.419288103,0.373169153
21761,0.127866431,0.140746433,0.490420143,0.240966993
21762,0.048599136,0.704932088,0.038917839,0.207550936
21763,0.58102474,0.063164778,0.037902463,0.31790802
21764,0.206181223,0.038611552,0.559170331,0.196036894
21765,0.444698885,0.156144688,0.093623914,0.305532513
21766,0.10531255,0.377999903,0.045084738,0.471602809
21767,0.098367899,0.181451805,0.382476583,0.337703712
21768,0.176601963,0.403777532,0.238195793,0.181424712
21769,0.18325544,0.187471984,0.089602508,0.539670069
21770,0.137132745,0.316187867,0.312609836,0.234069552
21771,0.045803438,0.11525367,0.454495614,0.384447278
21772,0.131900288,0.391104097,0.211663506,0.265332109
21773,0.135507931,0.434624478,0.056011789,0.373855802
21774,0.038386352,0.10875671,0.604147893,0.248709045
21775,0.188688712,0.399128481,0.17502902,0.237153787
21776,0.396135631,0.300545237,0.133268344,0.170050789
21777,0.079372552,0.071037049,0.607762105,0.241828294
21778,0.252204457,0.159315166,0.169735664,0.418744713
21779,0.38653795,0.208368136,0.081542199,0.323551715
21780,0.186093118,0.139070572,0.447835949,0.227000361
21781,0.107369606,0.088121849,0.598406665,0.20610188
21782,0.502261245,0.053181897,0.317621864,0.126934993
21783,0.337357255,0.141410283,0.152897369,0.368335093
21784,0.575046581,0.240685156,0.065972683,0.118295581
21785,0.169672523,0.542936148,0.193574935,0.093816394
21786,0.109588656,0.090279756,0.267082665,0.533048923
21787,0.13353966,0.531629332,0.071911659,0.26291935
21788,0.489085733,0.252918853,0.064617765,0.19337765
21789,0.146224935,0.268540245,0.242950741,0.342284079
21790,0.577878858,0.108479412,0.105191199,0.20845053
21791,0.382509192,0.163907256,0.157833553,0.295749999
21792,0.078596236,0.336753009,0.438943087,0.145707668
21793,0.133685893,0.288621993,0.451612239,0.126079874
21794,0.037834361,0.53890408,0.26489875,0.158362808
21795,0.214139584,0.034424527,0.593853409,0.15758248
21796,0.266016128,0.327979505,0.142284316,0.26372005
21797,0.251597988,0.391812222,0.192053014,0.164536776
21798,0.398439875,0.061748983,0.36170602,0.178105123
21799,0.10266039,0.123135337,0.207920119,0.566284154
21800,0.103740577,0.121806184,0.359804744,0.414648495
21801,0.16711475,0.170480035,0.303342742,0.359062473
21802,0.061618001,0.218128212,0.399009756,0.32124403
21803,0.119595226,0.127544645,0.460228119,0.292632011
21804,0.22631696,0.492746964,0.132935346,0.14800073
21805,0.588224124,0.057659258,0.137416048,0.216700571
21806,0.112524198,0.378671063,0.217303855,0.291500883
21807,0.13867875,0.486543168,0.128279103,0.246498978
21808,0.303918181,0.140046128,0.207383484,0.348652207
21809,0.602213208,0.091106748,0.071162405,0.235517639
21810,0.579878132,0.070905325,0.212604356,0.136612187
21811,0.236394336,0.368029004,0.296530298,0.099046363
21812,0.162046538,0.101899942,0.442344706,0.293708814
21813,0.198733996,0.55132709,0.094894904,0.15504401
21814,0.183567805,0.246938336,0.38731675,0.182177109
21815,0.36184596,0.09722865,0.33016618,0.21075921
21816,0.322742274,0.452637529,0.111367219,0.113252978
21817,0.084668275,0.084467632,0.706043818,0.124820275
21818,0.091836425,0.11246545,0.4655757,0.330122425
21819,0.252151457,0.214688302,0.139129672,0.394030569
21820,0.525729407,0.151101171,0.160225082,0.16294434
21821,0.15195806,0.199721336,0.442857763,0.205462841
21822,0.350942518,0.477965014,0.087676118,0.083416349
21823,0.161879813,0.452617124,0.245326038,0.140177024
21824,0.157946886,0.550357465,0.221862747,0.069832902
21825,0.077747879,0.528196327,0.157358535,0.236697259
21826,0.219193814,0.394504983,0.314151134,0.072150069
21827,0.065691948,0.137723803,0.64682092,0.14976333
21828,0.154159502,0.523527898,0.136512645,0.185799954
21829,0.105835253,0.161780857,0.573517911,0.158865978
21830,0.087345921,0.154541485,0.556040143,0.202072451
21831,0.263189914,0.355026965,0.1223696,0.259413522
21832,0.200751847,0.524566704,0.068775193,0.205906256
21833,0.599866204,0.067710074,0.21530417,0.117119553
21834,0.506855898,0.245097836,0.09670131,0.151344956
21835,0.125024749,0.382785997,0.142505921,0.349683333
21836,0.054797646,0.08288428,0.645000086,0.217317988
21837,0.160782017,0.110637129,0.381881164,0.34669969
21838,0.352757851,0.155598423,0.323540306,0.168103419
21839,0.140760809,0.53399579,0.160751831,0.16449157
21840,0.531760376,0.084491688,0.25314762,0.130600316
21841,0.474389204,0.216151783,0.133711365,0.175747647
21842,0.075161822,0.327178135,0.42492809,0.172731953
21843,0.507377751,0.087943525,0.153472464,0.25120626
21844,0.072314708,0.55308115,0.197194174,0.177409969
21845,0.287282305,0.214278464,0.271860224,0.226579007
21846,0.100510434,0.497601147,0.180339269,0.221549151
21847,0.378629088,0.099938239,0.391833795,0.129598878
21848,0.163483443,0.19192586,0.100066964,0.544523733
21849,0.469067794,0.373248728,0.050955446,0.106728032
21850,0.438892058,0.167093702,0.092747897,0.301266343
21851,0.178070413,0.582576284,0.049700736,0.189652567
21852,0.32844086,0.192034867,0.186396184,0.293128089
21853,0.079836258,0.176995493,0.31199062,0.43117763
21854,0.325483545,0.13410616,0.147644287,0.392766008
21855,0.111782459,0.424623458,0.100768384,0.362825698
21856,0.40968777,0.185127438,0.272986824,0.132197968
21857,0.119535491,0.464663513,0.096405205,0.31939579
21858,0.485650754,0.110418378,0.045730966,0.358199902
21859,0.431895583,0.118662335,0.104008215,0.345433867
21860,0.43338217,0.319024793,0.071933494,0.175659542
21861,0.127906457,0.160044632,0.527643198,0.184405712
21862,0.046180189,0.4336837,0.315385093,0.204751018
21863,0.068419735,0.37717378,0.219084958,0.335321528
21864,0.218396418,0.521800415,0.054894792,0.204908374
21865,0.118836595,0.328618927,0.404620054,0.147924424
21866,0.235126665,0.17203341,0.346843837,0.245996087
21867,0.052245393,0.130023659,0.260236771,0.557494176
21868,0.153810772,0.088651177,0.470422826,0.287115225
21869,0.246528932,0.094263325,0.188728435,0.470479308
21870,0.247059279,0.196976683,0.257083922,0.298880114
21871,0.697439575,0.064566441,0.033176838,0.204817147
21872,0.045233209,0.463261344,0.280024796,0.211480651
21873,0.324953405,0.324039675,0.238123028,0.112883892
21874,0.072703514,0.653990583,0.092000119,0.181305784
21875,0.331125236,0.38249539,0.058626819,0.227752555
21876,0.423164777,0.151875841,0.180209137,0.244750245
21877,0.094550979,0.392522405,0.073085087,0.43984153
21878,0.31530077,0.502355694,0.047696828,0.134646708
21879,0.252584046,0.302819098,0.101994244,0.342602612
21880,0.407057032,0.125822676,0.22045104,0.246669252
21881,0.117861084,0.353407412,0.196999914,0.331731589
21882,0.218487825,0.186869503,0.251083049,0.343559623
21883,0.093261708,0.340357325,0.226865849,0.339515118
21884,0.184266064,0.507034246,0.022427192,0.286272499
21885,0.085666746,0.385349983,0.063867122,0.465116149
21886,0.214047015,0.258387201,0.082501254,0.445064529
21887,0.19149534,0.10496983,0.397021204,0.306513626
21888,0.067139108,0.473086057,0.288542673,0.171232162
21889,0.185730666,0.339565114,0.323217319,0.151486901
21890,0.305791423,0.188858546,0.215876257,0.289473772
21891,0.436429034,0.040281264,0.375515342,0.14777436
21892,0.095792292,0.33096852,0.114279285,0.458959903
21893,0.175444989,0.436032172,0.095708413,0.292814425
21894,0.193511523,0.091428863,0.300488747,0.414570867
21895,0.054104576,0.065508583,0.755584626,0.124802216
21896,0.425068022,0.158633931,0.29370334,0.122594707
21897,0.24149379,0.34042641,0.316335679,0.101744122
21898,0.229403935,0.276550282,0.277700057,0.216345726
21899,0.270106745,0.132427344,0.492631115,0.104834796
21900,0.098949155,0.116294379,0.151181822,0.633574644
21901,0.237617874,0.574291643,0.030800405,0.157290078
21902,0.088554887,0.1598029,0.54727842,0.204363794
21903,0.059218369,0.114997356,0.658661706,0.167122569
21904,0.355844311,0.081154647,0.218292158,0.344708883
21905,0.047739907,0.381923866,0.263384815,0.306951412
21906,0.103842424,0.238552657,0.074027336,0.583577582
21907,0.080200464,0.37474967,0.216591119,0.328458747
21908,0.329253799,0.201551467,0.259267159,0.209927575
21909,0.230418578,0.078322703,0.4127624,0.278496319
21910,0.403082646,0.187242045,0.104105261,0.305570048
21911,0.223468849,0.436722829,0.156493059,0.183315262
21912,0.169056453,0.460123803,0.045687682,0.325132062
21913,0.19884757,0.28506306,0.153019182,0.363070189
21914,0.112528405,0.138380185,0.141421639,0.607669771
21915,0.262333146,0.096329419,0.329681036,0.311656399
21916,0.080257573,0.142262553,0.217619536,0.559860339
21917,0.151033173,0.14328601,0.231565719,0.474115097
21918,0.070506011,0.085031308,0.575893555,0.268569125
21919,0.182711984,0.075145338,0.542758823,0.199383856
21920,0.191444856,0.19472158,0.16775421,0.446079355
21921,0.158034232,0.528075552,0.117467749,0.196422467
21922,0.368642349,0.264276553,0.090555427,0.276525672
21923,0.14480811,0.086514153,0.214225507,0.554452231
21924,0.244084837,0.152922406,0.181679106,0.421313651
21925,0.390512778,0.164687472,0.276081817,0.168717933
21926,0.430984161,0.07841184,0.116344606,0.374259394
21927,0.133118989,0.192541772,0.413952657,0.260386582
21928,0.170004266,0.45641862,0.10213797,0.271439144
21929,0.122624023,0.131444497,0.147493631,0.598437849
21930,0.061220324,0.292018958,0.252209987,0.394550731
21931,0.182537323,0.328839095,0.080020216,0.408603366
21932,0.093944073,0.04775416,0.58688049,0.271421276
21933,0.09592933,0.407345324,0.072635766,0.424089579
21934,0.131425654,0.32548463,0.217172558,0.325917157
21935,0.167925508,0.240756884,0.137839543,0.453478065
21936,0.220281308,0.241236114,0.213651966,0.324830611
21937,0.067105318,0.161284589,0.470926164,0.300683929
21938,0.056378165,0.439062682,0.18231187,0.322247283
21939,0.114971934,0.321719221,0.114772825,0.448536019
21940,0.360362483,0.263402358,0.118035525,0.258199634
21941,0.135149959,0.106419193,0.280550671,0.477880177
21942,0.221425501,0.389605644,0.180788824,0.208180031
21943,0.109153681,0.379543096,0.117382703,0.39392052
21944,0.11529829,0.308846103,0.293780066,0.282075541
21945,0.105429093,0.333708353,0.107253655,0.453608899
21946,0.337198178,0.173597879,0.152626075,0.336577867
21947,0.510099712,0.184467135,0.06984086,0.235592293
21948,0.092278691,0.464006703,0.263587825,0.180126781
21949,0.147649385,0.289181995,0.194525581,0.368643039
21950,0.111112226,0.368689411,0.141091317,0.379107045
21951,0.122692444,0.237676211,0.225794245,0.4138371
21952,0.381798652,0.104977412,0.082906138,0.430317798
21953,0.306972378,0.319650681,0.064233889,0.309143051
21954,0.161529194,0.087483881,0.16820007,0.582786854
21955,0.401836533,0.108748347,0.209060528,0.280354592
21956,0.082701522,0.126275099,0.13159837,0.659425009
21957,0.390983744,0.128061836,0.245342815,0.235611605
21958,0.040472183,0.584781673,0.149964357,0.224781786
21959,0.065967742,0.106865347,0.081087793,0.746079117
21960,0.170416218,0.513330202,0.063913766,0.252339814
21961,0.220215144,0.130863454,0.340112786,0.308808616
21962,0.602570683,0.165126906,0.045678725,0.186623686
21963,0.077655697,0.428158807,0.333669144,0.160516352
21964,0.184697825,0.042694924,0.578252207,0.194355044
21965,0.10523123,0.079160243,0.327190147,0.488418381
21966,0.091361463,0.067577856,0.339218197,0.501842484
21967,0.499813272,0.028416068,0.238851549,0.232919111
21968,0.273353638,0.439279774,0.060193466,0.227173122
21969,0.051935653,0.159074694,0.184364508,0.604625145
21970,0.171396445,0.14229532,0.114492833,0.571815402
21971,0.224750492,0.302225881,0.332279627,0.140743999
21972,0.34574783,0.120831542,0.148105549,0.385315079
21973,0.379032898,0.147458469,0.039604063,0.433904571
21974,0.483489066,0.202885234,0.063169039,0.250456661
21975,0.058182352,0.108477576,0.297993306,0.535346764
21976,0.375097041,0.254410709,0.224670977,0.145821272
21977,0.142866229,0.397059565,0.200870592,0.259203614
21978,0.20887803,0.063473877,0.298441681,0.429206412
21979,0.239819095,0.238889934,0.060214956,0.461076016
21980,0.074518815,0.511133961,0.139544623,0.274802601
21981,0.140138041,0.311688735,0.253086473,0.295086751
21982,0.154890191,0.22404254,0.232092499,0.388974769
21983,0.044597027,0.086125003,0.201831466,0.667446503
21984,0.114188457,0.262322332,0.161188389,0.462300822
21985,0.052134006,0.594426027,0.041391201,0.312048766
21986,0.122359611,0.1136526,0.467196319,0.29679147
21987,0.059720704,0.307690908,0.147941345,0.484647042
21988,0.317811616,0.202472453,0.161078584,0.318637347
21989,0.070001883,0.301238538,0.240249484,0.388510095
21990,0.043988614,0.354501608,0.208137944,0.393371833
21991,0.211844209,0.173402009,0.136347909,0.478405873
21992,0.159311715,0.179010267,0.063966894,0.597711123
21993,0.092642599,0.519499053,0.07315359,0.314704758
21994,0.081798981,0.254351186,0.487287378,0.176562454
21995,0.049603398,0.182453819,0.408852727,0.359090056
21996,0.336684341,0.178902797,0.049855201,0.434557662
21997,0.330627953,0.104916209,0.227972589,0.336483249
21998,0.266192451,0.137520348,0.109478981,0.48680822
21999,0.09907428,0.48999481,0.105564785,0.305366125
22000,0.438690519,0.065836197,0.225697216,0.269776068
22001,0.109511236,0.429511812,0.284849335,0.176127616
22002,0.162528667,0.412239603,0.082460325,0.342771405
22003,0.06264513,0.205523601,0.497312751,0.234518518
22004,0.441772826,0.147708357,0.095027641,0.315491176
22005,0.199532091,0.097296928,0.276337206,0.426833775
22006,0.046978525,0.263983529,0.216623213,0.472414733
22007,0.225609723,0.386592248,0.195577747,0.192220283
22008,0.056020052,0.163315902,0.481826494,0.298837552
22009,0.350501385,0.118026546,0.19238508,0.339086988
22010,0.135109217,0.505966843,0.064887936,0.294036004
22011,0.096604426,0.247141189,0.330636572,0.325617813
22012,0.248896855,0.174150521,0.127460606,0.449492017
22013,0.302870101,0.076153294,0.411676938,0.209299667
22014,0.137143471,0.132669366,0.50350376,0.226683403
22015,0.094814735,0.100327757,0.40293745,0.401920057
22016,0.094030845,0.326465318,0.074688343,0.504815495
22017,0.061405161,0.652720683,0.04791019,0.237963965
22018,0.254467236,0.184245212,0.264806402,0.29648115
22019,0.250952664,0.108965061,0.335961178,0.304121096
22020,0.164218479,0.168237509,0.290810198,0.376733813
22021,0.072469027,0.278578201,0.3286209,0.320331872
22022,0.487011879,0.037648683,0.14949744,0.325841998
22023,0.310058116,0.034540488,0.403328244,0.252073152
22024,0.260073239,0.073423419,0.110541194,0.555962147
22025,0.395010907,0.176307408,0.070137553,0.358544132
22026,0.607655492,0.107827905,0.041125362,0.243391241
22027,0.338229578,0.17534537,0.108632988,0.377792063
22028,0.4049875,0.121787999,0.075333925,0.397890576
22029,0.082809326,0.097226075,0.110711246,0.709253353
22030,0.420927403,0.052876007,0.300575245,0.225621346
22031,0.214134168,0.212809233,0.071000669,0.502055929
22032,0.12470074,0.206934314,0.11060733,0.557757617
22033,0.068973388,0.122506587,0.554111775,0.254408249
22034,0.670026405,0.072208495,0.068708324,0.189056775
22035,0.337858522,0.077046552,0.100605038,0.484489888
22036,0.44734679,0.284822576,0.069706062,0.198124572
22037,0.187387248,0.164153543,0.04599714,0.602462069
22038,0.126705745,0.317711829,0.076578678,0.479003748
22039,0.419557476,0.297279628,0.048558462,0.234604434
22040,0.22660377,0.39662987,0.136433474,0.240332886
22041,0.175072194,0.064242591,0.545771692,0.214913522
22042,0.253322861,0.229898364,0.306870222,0.209908554
22043,0.158629322,0.582278414,0.073365262,0.185727002
22044,0.092771916,0.13284925,0.28126328,0.493115554
22045,0.100204925,0.400052555,0.153866005,0.345876515
22046,0.162507542,0.214529859,0.301412265,0.321550333
22047,0.214619922,0.439872008,0.070984449,0.274523622
22048,0.103824051,0.693233667,0.045123266,0.157819015
22049,0.121025111,0.558046095,0.09018866,0.230740134
22050,0.245454163,0.294007767,0.36657768,0.093960391
22051,0.07034901,0.121477042,0.608122156,0.200051792
22052,0.207199585,0.346258293,0.24345744,0.203084682
22053,0.07004146,0.596934194,0.166429925,0.16659442
22054,0.127790551,0.089403561,0.605810682,0.176995205
22055,0.236235445,0.125061328,0.501518103,0.137185123
22056,0.268831751,0.122712251,0.391647987,0.21680801
22057,0.345401623,0.129188354,0.283782734,0.241627289
22058,0.234666716,0.537198885,0.108340455,0.119793944
22059,0.211930776,0.499811802,0.073449971,0.214807451
22060,0.223151122,0.247406095,0.060440561,0.469002222
22061,0.106721028,0.191532372,0.4346218,0.267124799
22062,0.079430749,0.284444652,0.463441068,0.172683531
22063,0.036919677,0.537919959,0.212543595,0.212616769
22064,0.409368493,0.223907664,0.139458969,0.227264873
22065,0.169203781,0.160707409,0.363961749,0.306127062
22066,0.408841318,0.163181254,0.141997043,0.285980385
22067,0.3456044,0.238176369,0.067852918,0.348366313
22068,0.202494484,0.606982754,0.02519581,0.165326953
22069,0.091801264,0.431575766,0.117499641,0.35912333
22070,0.39649304,0.094843499,0.111954875,0.396708586
22071,0.223900449,0.272459729,0.07692602,0.426713802
22072,0.046470256,0.610271508,0.18065884,0.162599396
22073,0.178197166,0.165854801,0.237406564,0.418541469
22074,0.055374439,0.573058863,0.136605122,0.234961576
22075,0.120667191,0.227011815,0.223660645,0.428660349
22076,0.538336364,0.162254104,0.091676061,0.20773347
22077,0.218562284,0.097878311,0.079035958,0.604523448
22078,0.424655872,0.153415268,0.102040236,0.319888623
22079,0.38529843,0.056721513,0.066904023,0.491076034
22080,0.163956839,0.099676114,0.364776032,0.371591014
22081,0.096323131,0.411290426,0.121246381,0.371140062
22082,0.418143076,0.174133794,0.08625097,0.32147216
22083,0.030964033,0.390150248,0.164026096,0.414859622
22084,0.126708728,0.087701864,0.05749403,0.728095377
22085,0.280231067,0.108799905,0.130587707,0.48038132
22086,0.084280873,0.407248311,0.048935248,0.459535568
22087,0.066719908,0.080606103,0.31969541,0.532978579
22088,0.126527244,0.207682488,0.080287761,0.585502507
22089,0.03078948,0.501107413,0.168056805,0.300046302
22090,0.09886274,0.130820038,0.20108691,0.569230313
22091,0.068526484,0.104189154,0.523009178,0.304275183
22092,0.536850409,0.198541993,0.04040063,0.224206968
22093,0.087562541,0.136961876,0.397299307,0.378176276
22094,0.123272979,0.07470913,0.249928424,0.552089467
22095,0.065509695,0.218126942,0.166398056,0.549965308
22096,0.145224705,0.057437194,0.394188468,0.403149633
22097,0.439847212,0.031155276,0.0769302,0.452067311
22098,0.224724667,0.054084307,0.507080436,0.21411059
22099,0.065778499,0.30424239,0.099047444,0.530931667
22100,0.066286434,0.15122576,0.515737058,0.266750747
22101,0.410817128,0.203089971,0.132255851,0.25383705
22102,0.084109938,0.270962582,0.122552688,0.522374792
22103,0.153855073,0.335228597,0.18558589,0.32533044
22104,0.253478942,0.301894321,0.066695022,0.377931715
22105,0.042664696,0.270665689,0.176797855,0.50987176
22106,0.474077221,0.180845486,0.046381345,0.298695948
22107,0.123597502,0.079944473,0.532924564,0.263533461
22108,0.339937806,0.11096094,0.1712145,0.377886754
22109,0.256067475,0.42625092,0.09368199,0.223999615
22110,0.081357269,0.083341277,0.183993359,0.651308095
22111,0.297676308,0.210193544,0.105035403,0.387094745
22112,0.030382522,0.23026499,0.476934376,0.262418112
22113,0.044258251,0.515605291,0.155980244,0.284156214
22114,0.216814142,0.104412832,0.163209481,0.515563545
22115,0.156896083,0.148768438,0.076495831,0.617839648
22116,0.051565906,0.162562572,0.490474131,0.295397391
22117,0.325449846,0.157421224,0.294005346,0.223123585
22118,0.605392772,0.067341209,0.054126113,0.273139906
22119,0.077732987,0.527831445,0.099527913,0.294907655
22120,0.141772948,0.075060893,0.489235632,0.293930528
22121,0.086178925,0.258610145,0.182631878,0.472579051
22122,0.150727084,0.30530621,0.381427279,0.162539427
22123,0.101269551,0.354068728,0.243497977,0.301163744
22124,0.050548736,0.475008499,0.211228549,0.263214217
22125,0.257501282,0.135192,0.174622787,0.432683931
22126,0.161653176,0.164087945,0.257870757,0.416388121
22127,0.453925935,0.114136302,0.16579495,0.266142813
22128,0.334440394,0.260389691,0.219157544,0.186012371
22129,0.067630382,0.090348538,0.176646812,0.665374269
22130,0.065631415,0.348108216,0.339914313,0.246346056
22131,0.575860633,0.075233081,0.12889531,0.220010976
22132,0.106090567,0.341917255,0.313425434,0.238566744
22133,0.056114058,0.089773712,0.582530779,0.27158145
22134,0.33598105,0.120706378,0.212088687,0.331223886
22135,0.634685328,0.040693563,0.052075786,0.272545322
22136,0.205477231,0.153727813,0.05268476,0.588110195
22137,0.286559383,0.107542308,0.142609755,0.463288554
22138,0.225926031,0.315177687,0.128793154,0.330103127
22139,0.091372878,0.425865054,0.148857461,0.333904608
22140,0.099508345,0.078845955,0.382279109,0.439366591
22141,0.06377899,0.301833076,0.225843526,0.408544407
22142,0.167295711,0.078092426,0.496193442,0.258418421
22143,0.226614334,0.154540111,0.339490609,0.279354946
22144,0.025892454,0.211066743,0.537749027,0.225291776
22145,0.112256082,0.168038428,0.34000006,0.379705429
22146,0.252545149,0.061651744,0.38772745,0.298075657
22147,0.343038508,0.084060918,0.160751995,0.412148579
22148,0.342970253,0.096116083,0.143088163,0.417825501
22149,0.099512856,0.458334764,0.04296713,0.39918525
22150,0.128298612,0.11329584,0.489459934,0.268945614
22151,0.220447455,0.06131937,0.442896907,0.275336268
22152,0.164214994,0.077469821,0.086335657,0.671979528
22153,0.060089545,0.373144759,0.311990055,0.25477564
22154,0.082044752,0.474798495,0.134304213,0.30885254
22155,0.110717737,0.301673925,0.313384185,0.274224154
22156,0.086039352,0.419314703,0.110707086,0.383938859
22157,0.120989276,0.332403459,0.341837599,0.204769666
22158,0.098535057,0.35187264,0.097934131,0.451658172
22159,0.101764202,0.231708654,0.497704751,0.168822393
22160,0.105230591,0.217788171,0.141815267,0.535165971
22161,0.070630766,0.273078246,0.192899498,0.46339149
22162,0.085996871,0.26234902,0.352975071,0.298679038
22163,0.411632702,0.109273869,0.075211816,0.403881613
22164,0.060008996,0.045249155,0.56921391,0.325527939
22165,0.07099237,0.420809447,0.210660625,0.297537558
22166,0.384823661,0.402785224,0.073754306,0.138636808
22167,0.399418597,0.242322555,0.181451585,0.176807264
22168,0.169560761,0.137521078,0.436566251,0.25635191
22169,0.32558612,0.060048471,0.218943587,0.395421823
22170,0.062721615,0.20016245,0.522441065,0.21467487
22171,0.094273188,0.3039018,0.318932122,0.28289289
22172,0.127101639,0.164148678,0.079794939,0.628954744
22173,0.156246523,0.486547606,0.062210124,0.294995747
22174,0.510503832,0.114098963,0.054078509,0.321318696
22175,0.12041733,0.386422405,0.114365772,0.378794493
22176,0.332549201,0.102722604,0.235797717,0.328930477
22177,0.1620399,0.094060251,0.186726045,0.557173804
22178,0.205896528,0.474879447,0.096452549,0.222771476
22179,0.071072938,0.33766444,0.044411648,0.546850974
22180,0.260455236,0.080254327,0.41260778,0.246682657
22181,0.087565824,0.503831785,0.068330306,0.340272085
22182,0.35131395,0.090144449,0.285281659,0.273259941
22183,0.203147637,0.382296027,0.077031254,0.337525082
22184,0.268803463,0.063098632,0.152267201,0.515830703
22185,0.213366619,0.231090095,0.090134135,0.465409151
22186,0.076415253,0.458780931,0.126475676,0.33832814
22187,0.165330123,0.214046892,0.068579851,0.552043134
22188,0.207603305,0.205156138,0.384601791,0.202638767
22189,0.280207919,0.075505329,0.383284126,0.261002627
22190,0.073424619,0.365841889,0.118486496,0.442246996
22191,0.185340261,0.076760683,0.560514571,0.177384486
22192,0.161363917,0.188374549,0.17496435,0.475297184
22193,0.118588791,0.13927464,0.104205838,0.637930731
22194,0.205933593,0.253901176,0.040460159,0.499705072
22195,0.156002204,0.544626928,0.203596429,0.095774439
22196,0.192454686,0.079715957,0.096603884,0.631225473
22197,0.107843768,0.454383299,0.071067886,0.366705046
22198,0.111938321,0.0701289,0.101002316,0.716930463
22199,0.62471634,0.088669784,0.0850396,0.201574276
22200,0.37536852,0.077245714,0.125401869,0.421983897
22201,0.202960957,0.468617362,0.107041211,0.22138047
22202,0.477244691,0.227162461,0.073721871,0.221870976
22203,0.424587573,0.255639001,0.086347875,0.23342555
22204,0.157513421,0.182346801,0.043971565,0.616168213
22205,0.287024721,0.216032914,0.206073858,0.290868507
22206,0.060144787,0.186540747,0.432181409,0.321133057
22207,0.100292858,0.089537462,0.370765373,0.439404308
22208,0.270517318,0.345139686,0.084994762,0.299348234
22209,0.121209068,0.107730493,0.058722445,0.712337994
22210,0.091336079,0.179377709,0.146455288,0.582830924
22211,0.154753844,0.219097485,0.06773896,0.55840971
22212,0.04115326,0.355797182,0.335955306,0.267094252
22213,0.11288552,0.282123533,0.149461577,0.455529369
22214,0.081257721,0.264802123,0.327462666,0.32647749
22215,0.07476353,0.146646736,0.522376475,0.25621326
22216,0.428455298,0.15641778,0.11050637,0.304620552
22217,0.106930399,0.099253117,0.539382871,0.254433613
22218,0.106004678,0.379840564,0.056906626,0.457248132
22219,0.314572181,0.069146466,0.111889908,0.504391445
22220,0.713276799,0.03047061,0.101329144,0.154923447
22221,0.10520706,0.170668681,0.106583454,0.617540804
22222,0.629125617,0.107020882,0.082858072,0.180995428
22223,0.227658409,0.389242322,0.06651518,0.31658409
22224,0.252937939,0.13227573,0.183844685,0.430941646
22225,0.483208091,0.213087775,0.152018742,0.151685392
22226,0.151440154,0.070112033,0.547050101,0.231397712
22227,0.364902719,0.231213546,0.199548082,0.204335653
22228,0.04351535,0.57137577,0.145828893,0.239279987
22229,0.197222414,0.447188441,0.141245828,0.214343317
22230,0.198709593,0.081114168,0.558731084,0.161445155
22231,0.562948766,0.169772147,0.119206573,0.148072514
22232,0.338809519,0.199620626,0.128470346,0.333099508
22233,0.1079547,0.115485735,0.371675448,0.404884116
22234,0.297306258,0.341413849,0.067075669,0.294204224
22235,0.301065517,0.093533393,0.141740557,0.463660532
22236,0.637764113,0.097953388,0.058975747,0.205306753
22237,0.297611748,0.074207411,0.317443607,0.310737235
22238,0.047272316,0.224292567,0.496873824,0.231561293
22239,0.138365754,0.506602346,0.145457897,0.209574002
22240,0.12184477,0.302809113,0.230258265,0.345087852
22241,0.288471464,0.161153117,0.178815207,0.371560211
22242,0.482925165,0.134503962,0.085173164,0.297397708
22243,0.055579097,0.628636377,0.061100813,0.254683713
22244,0.283257009,0.406945262,0.160606261,0.149191468
22245,0.557589473,0.093535664,0.091108543,0.25776632
22246,0.159891313,0.502889492,0.131380672,0.205838523
22247,0.098824177,0.082618466,0.652983148,0.16557421
22248,0.371910503,0.096584056,0.422874693,0.108630747
22249,0.074987797,0.192828574,0.227937313,0.504246316
22250,0.44267889,0.048610293,0.170235633,0.338475184
22251,0.114245154,0.117381122,0.415737294,0.352636431
22252,0.147672103,0.090055281,0.429226763,0.333045854
22253,0.214866489,0.386906938,0.052968757,0.345257816
22254,0.049565575,0.143431548,0.43164115,0.375361726
22255,0.110352608,0.081875191,0.264356219,0.543415981
22256,0.276900206,0.07185839,0.241927639,0.409313764
22257,0.42957209,0.060739187,0.26616338,0.243525343
22258,0.076701926,0.447617372,0.239399841,0.236280861
22259,0.18696906,0.102239533,0.182716343,0.528075065
22260,0.074909106,0.094572306,0.351973256,0.478545332
22261,0.166035498,0.130782552,0.390666174,0.312515776
22262,0.328974962,0.276747544,0.134536636,0.259740859
22263,0.102913562,0.315891089,0.089825894,0.491369456
22264,0.380213402,0.280781045,0.090402193,0.24860336
22265,0.222878039,0.112471249,0.462226357,0.202424354
22266,0.16990632,0.083300812,0.328049967,0.4187429
22267,0.040392018,0.053270672,0.444986327,0.461350983
22268,0.314436065,0.225454194,0.140599908,0.319509833
22269,0.258877045,0.522082711,0.012992342,0.206047903
22270,0.09863012,0.199860888,0.299599697,0.401909294
22271,0.111354873,0.347431384,0.367777562,0.17343618
22272,0.195215152,0.410203087,0.081644879,0.312936883
22273,0.265709108,0.267912321,0.205194705,0.261183866
22274,0.192044225,0.474373734,0.044098147,0.289483894
22275,0.118443044,0.432116488,0.22159939,0.227841077
22276,0.068325842,0.161956722,0.383805952,0.385911485
22277,0.173079409,0.246849155,0.43635837,0.143713067
22278,0.07839917,0.373118552,0.2468673,0.301614979
22279,0.41254586,0.254533067,0.080201204,0.25271987
22280,0.254614075,0.123376227,0.237611588,0.38439811
22281,0.584143189,0.071212521,0.10724359,0.237400699
22282,0.067163386,0.269852642,0.503203592,0.15978038
22283,0.069918681,0.213016674,0.214375509,0.502689136
22284,0.278949007,0.151153889,0.381356425,0.188540679
22285,0.062743124,0.403620666,0.107543557,0.426092653
22286,0.171221741,0.044148952,0.497073574,0.287555733
22287,0.249476956,0.324429094,0.078632656,0.347461294
22288,0.363808489,0.153278905,0.204349137,0.278563468
22289,0.146948022,0.519470389,0.155497518,0.178084072
22290,0.380249877,0.051118296,0.454249545,0.114382282
22291,0.579688952,0.109335543,0.106724848,0.204250656
22292,0.304669861,0.210795553,0.202052593,0.282481993
22293,0.223536695,0.431556144,0.095398762,0.249508397
22294,0.261932255,0.245332519,0.133695943,0.359039284
22295,0.158220562,0.253608394,0.428388847,0.159782196
22296,0.268542846,0.095015143,0.223654136,0.412787875
22297,0.155216664,0.273598716,0.33194997,0.23923465
22298,0.145927805,0.198593986,0.447635645,0.207842564
