No,Ch1,Ch2,Ch3,Ch4
21566,0.166893455,0.065871558,0.329607562,0.437627425
21567,0.03528229,0.345998511,0.360384586,0.258334612
21568,0.353853957,0.361727913,0.102031375,0.182386755
21569,0.555841884,0.076812667,0.131590958,0.235754492
21570,0.096366837,0.365293203,0.416863294,0.121476666
21571,0.081957026,0.568288952,0.143074883,0.206679139
21572,0.164315549,0.045500417,0.526298074,0.26388596
21573,0.093620851,0.126326449,0.13377502,0.64627768
21574,0.121009837,0.299260133,0.402779846,0.176950185
21575,0.037557777,0.053072507,0.620109568,0.289260149
21576,0.228596242,0.227331784,0.272034376,0.272037598
21577,0.271807778,0.115245056,0.468189532,0.144757634
21578,0.331580626,0.295988637,0.155873813,0.216556923
21579,0.065540812,0.138002125,0.144190287,0.652266776
21580,0.033547409,0.488829644,0.202838864,0.274784082
21581,0.478019526,0.042809309,0.131240281,0.347930885
21582,0.106435638,0.167974296,0.342576594,0.383013472
21583,0.159965275,0.138632636,0.208460122,0.492941967
21584,0.219929673,0.252353387,0.05191433,0.475802609
21585,0.246862733,0.263720828,0.145711057,0.343705382
21586,0.197029961,0.35728229,0.20839019,0.237297559
21587,0.038080409,0.38895399,0.233241065,0.339724536
21588,0.036529684,0.068060278,0.46791517,0.427494868
21589,0.202601497,0.054615372,0.440120769,0.302662362
21590,0.043499986,0.125056505,0.464404744,0.367038765
21591,0.054899388,0.194135374,0.334953287,0.416011951
21592,0.109211478,0.161919291,0.064449538,0.664419693
21593,0.346396249,0.192903323,0.171255056,0.289445371
21594,0.097826083,0.116420424,0.209918104,0.575835389
21595,0.202543281,0.160601376,0.054591743,0.5822636
21596,0.211759395,0.457571796,0.093485105,0.237183704
21597,0.277159089,0.301261795,0.066092467,0.355486649
21598,0.088506077,0.355026022,0.269302849,0.287165052
21599,0.201089427,0.34712978,0.275429079,0.176351714
21600,0.072639218,0.125387208,0.07376228,0.728211294
21601,0.055493942,0.170944709,0.152451551,0.621109798
21602,0.041571979,0.3725661,0.325295092,0.260566829
21603,0.423616116,0.04586696,0.145733025,0.384783899
21604,0.031894756,0.309248853,0.286088716,0.372767675
21605,0.255008224,0.084841995,0.354373225,0.305776556
21606,0.171644568,0.058249205,0.35675413,0.413352096
21607,0.39783663,0.081616529,0.067643701,0.45290314
21608,0.368951759,0.327107103,0.022906799,0.281034339
21609,0.064262458,0.09689919,0.443155931,0.39568242
21610,0.224956119,0.3588568,0.039884764,0.376302317
21611,0.06641592,0.059117657,0.41187668,0.462589742
21612,0.313620838,0.187791818,0.322990702,0.175596641
21613,0.060423061,0.16664202,0.312884242,0.460050677
21614,0.092390351,0.416925939,0.250360372,0.240323337
21615,0.261662925,0.366163415,0.038780783,0.333392877
21616,0.349894675,0.028058492,0.412104328,0.209942505
21617,0.248551505,0.379304491,0.159281153,0.212862852
21618,0.215931056,0.114922496,0.248448451,0.420697997
21619,0.116173085,0.131254557,0.127280291,0.625292067
21620,0.099094529,0.496568195,0.088919703,0.315417573
21621,0.219797487,0.268554686,0.219926139,0.291721688
21622,0.154799139,0.260714387,0.117082333,0.467404141
21623,0.419028683,0.357936627,0.06799412,0.155040569
21624,0.604206731,0.109019243,0.089127751,0.197646276
21625,0.156319701,0.086477259,0.465852798,0.291350242
21626,0.632629773,0.060501082,0.121695159,0.185173987
21627,0.137187028,0.235047642,0.332645124,0.295120206
21628,0.096146053,0.569671274,0.189802572,0.144380101
21629,0.554042561,0.15238543,0.116180559,0.17739145
21630,0.244071559,0.151609643,0.183610455,0.420708343
21631,0.138756221,0.024427857,0.769404197,0.067411725
21632,0.068483571,0.272165102,0.354643678,0.304707649
21633,0.178589786,0.35084774,0.147301437,0.323261037
21634,0.093803706,0.681670379,0.083739362,0.140786553
21635,0.042032515,0.550849809,0.266097523,0.141020154
21636,0.629013333,0.098767596,0.091740846,0.180478224
21637,0.410415421,0.286597222,0.069544104,0.233443252
21638,0.074847897,0.324820086,0.440959166,0.159372851
21639,0.267487819,0.45752141,0.142047941,0.132942831
21640,0.476101153,0.263418779,0.048385635,0.212094433
21641,0.140524993,0.195188642,0.559588236,0.104698129
21642,0.352108958,0.295273938,0.157246325,0.195370779
21643,0.052966368,0.290200183,0.424156472,0.232676976
21644,0.282155952,0.286817241,0.118053945,0.312972863
21645,0.073605024,0.541567844,0.195052603,0.189774529
21646,0.199060725,0.289305073,0.367331595,0.144302607
21647,0.224109864,0.247617868,0.376601057,0.151671211
21648,0.305563557,0.101648964,0.386049177,0.206738302
21649,0.403219806,0.124844053,0.332173786,0.139762355
21650,0.162788598,0.343763513,0.307215481,0.186232408
21651,0.516101374,0.075321929,0.136422312,0.272154384
21652,0.061378042,0.148325478,0.237339615,0.552956865
21653,0.5415857,0.184284144,0.088312499,0.185817657
21654,0.488608007,0.160608192,0.125489033,0.225294768
21655,0.35331925,0.034815841,0.45848271,0.153382199
21656,0.453822122,0.13248455,0.193769856,0.219923471
21657,0.448586499,0.099289712,0.171619597,0.280504192
21658,0.352373385,0.117973298,0.319502849,0.210150467
21659,0.575902007,0.127169183,0.103941866,0.192986944
21660,0.14828595,0.089568572,0.27789701,0.484248468
21661,0.080871744,0.300995923,0.212803275,0.405329058
21662,0.04777243,0.609561945,0.04574209,0.296923535
21663,0.131296332,0.126456514,0.431700289,0.310546866
21664,0.060424752,0.277642001,0.197335806,0.464597441
21665,0.397121418,0.196879491,0.152042602,0.253956489
21666,0.077674274,0.366313102,0.233721507,0.322291117
21667,0.057314904,0.405527779,0.242277407,0.294879909
21668,0.295516263,0.207927565,0.157800133,0.338756038
21669,0.194606616,0.179054292,0.071361336,0.554977756
21670,0.123805077,0.471194063,0.102327101,0.30267376
21671,0.09215447,0.311870229,0.427271201,0.1687041
21672,0.046345689,0.203585068,0.459227374,0.290841869
21673,0.435388075,0.13737637,0.048717887,0.378517669
21674,0.378334198,0.133203668,0.236132852,0.252329282
21675,0.259088697,0.171529491,0.138611842,0.43076997
21676,0.124124584,0.469556439,0.107478089,0.298840887
21677,0.422292109,0.077716747,0.26515646,0.234834684
21678,0.118716028,0.460208065,0.263301312,0.157774594
21679,0.241348897,0.349304779,0.09022757,0.319118754
21680,0.227928431,0.095252565,0.546625231,0.130193773
21681,0.229025391,0.07938807,0.167488744,0.524097795
21682,0.368718417,0.267524385,0.053135023,0.310622175
21683,0.261055965,0.041547771,0.381102675,0.316293588
21684,0.335922254,0.062333537,0.242652035,0.359092174
21685,0.19077863,0.194762326,0.125592985,0.488866059
21686,0.091059862,0.365246761,0.289141184,0.254552192
21687,0.142656142,0.078502241,0.457274777,0.32156684
21688,0.204036485,0.165009339,0.089178669,0.541775508
21689,0.168154403,0.536557451,0.086758353,0.208529793
21690,0.677881938,0.154550055,0.024695213,0.142872794
21691,0.101041583,0.558155838,0.093990608,0.24681197
21692,0.052982214,0.31228822,0.489209976,0.145519591
21693,0.067587752,0.634401794,0.042069559,0.255940895
21694,0.156924678,0.239973051,0.246588724,0.356513547
21695,0.297198047,0.374653539,0.205975695,0.122172719
21696,0.526171377,0.179016979,0.044367406,0.250444239
21697,0.44015992,0.149758346,0.23234109,0.177740644
21698,0.203867584,0.055466447,0.612145605,0.128520364
21699,0.193996338,0.55716126,0.037314905,0.211527497
21700,0.285808596,0.285027107,0.195566731,0.233597565
21701,0.4169793,0.139989207,0.134663333,0.30836816
21702,0.043654345,0.53190792,0.150165513,0.274272222
21703,0.083401896,0.36748117,0.085001678,0.464115255
21704,0.106031241,0.291325396,0.279057123,0.323586239
21705,0.153618226,0.063841245,0.378973756,0.403566773
21706,0.098687864,0.390318432,0.102659153,0.408334551
21707,0.096586457,0.548025727,0.166364745,0.18902307
21708,0.046414837,0.50378165,0.127424345,0.322379168
21709,0.264386458,0.156674004,0.062024216,0.516915322
21710,0.347979149,0.084897273,0.073596,0.493527578
21711,0.067063589,0.553050301,0.164641799,0.21524431
21712,0.096063116,0.243696159,0.066843623,0.593397102
21713,0.463373466,0.100742191,0.135072786,0.300811557
21714,0.045819476,0.578730228,0.049858102,0.325592194
21715,0.453715224,0.16416361,0.163310579,0.218810587
21716,0.148362568,0.173357335,0.175208126,0.50307197
21717,0.166515503,0.059968203,0.425172339,0.348343955
21718,0.383009037,0.39005465,0.024309066,0.202627247
21719,0.196741213,0.167692447,0.13464651,0.50091983
21720,0.429836409,0.149510792,0.064886951,0.355765848
21721,0.129911259,0.276607623,0.313372326,0.280108792
21722,0.522414929,0.206110405,0.03855128,0.232923385
21723,0.049085084,0.291088603,0.196463391,0.463362921
21724,0.341630737,0.218085058,0.187153931,0.253130274
21725,0.082979231,0.209892408,0.227643008,0.479485353
21726,0.026856271,0.406846229,0.306199194,0.260098306
21727,0.208010078,0.053080956,0.511340331,0.227568635
21728,0.082020031,0.116710821,0.359915347,0.441353801
21729,0.221321384,0.282612925,0.134866838,0.361198853
21730,0.449053173,0.080646809,0.062773585,0.407526432
21731,0.273033223,0.171677211,0.318319884,0.236969682
21732,0.272354056,0.23141412,0.08361591,0.412615913
21733,0.285606626,0.490657596,0.076781691,0.146954086
21734,0.066819703,0.52830298,0.183637936,0.221239381
21735,0.246300049,0.358713282,0.068040756,0.326945913
21736,0.491121562,0.205260139,0.114703039,0.188915261
21737,0.268092298,0.098342748,0.46949816,0.164066794
21738,0.324181698,0.277198969,0.26795601,0.130663323
21739,0.111318369,0.510116849,0.255383366,0.123181416
21740,0.065816643,0.655471282,0.17641667,0.102295404
21741,0.077572188,0.4478411,0.200253969,0.274332743
21742,0.255568675,0.144941089,0.430946789,0.168543446
21743,0.367065278,0.394876464,0.041254195,0.196804064
21744,0.256833618,0.16578117,0.463453197,0.113932015
21745,0.221890398,0.23544497,0.259314931,0.283349701
21746,0.222854302,0.532444356,0.062414575,0.182286767
21747,0.396478822,0.311134951,0.155152965,0.137233262
21748,0.32120561,0.41244499,0.127880059,0.138469342
21749,0.07430627,0.457027535,0.300145844,0.168520351
21750,0.061258639,0.118415972,0.591808392,0.228516997
21751,0.466223942,0.044648685,0.393788115,0.095339257
21752,0.391158815,0.129443701,0.165334911,0.314062573
21753,0.227849687,0.225205022,0.294625461,0.25231983
21754,0.064711091,0.507175855,0.150897587,0.277215468
21755,0.159558597,0.376215872,0.242492159,0.221733372
21756,0.114607422,0.36122712,0.116060264,0.408105194
21757,0.156251555,0.49806676,0.037977334,0.307704351
21758,0.244732506,0.196359827,0.177043022,0.381864645
21759,0.276693185,0.372241223,0.18788196,0.163183633
21760,0.15315681,0.059493729,0.3786197,0.408729761
21761,0.123510405,0.184695658,0.429546263,0.262247673
21762,0.038962165,0.685892733,0.028313218,0.246831884
21763,0.505744792,0.06948006,0.035876229,0.388898919
21764,0.181437453,0.050460026,0.529755881,0.23834664
21765,0.466367397,0.135986313,0.083299403,0.314346887
21766,0.10788203,0.253611818,0.033087519,0.605418633
21767,0.099773695,0.186057573,0.291722381,0.42244635
21768,0.228089427,0.302240476,0.266146456,0.203523641
21769,0.18020082,0.183277798,0.102571927,0.533949455
21770,0.139254692,0.316413274,0.275426677,0.268905356
21771,0.052019832,0.128270739,0.340365165,0.479344264
21772,0.153001899,0.372020411,0.196169417,0.278808273
21773,0.111371805,0.391645308,0.044659382,0.452323505
21774,0.033023436,0.102512716,0.590215339,0.274248509
21775,0.205328065,0.379396907,0.201476618,0.21379841
21776,0.412240758,0.269979051,0.146547595,0.171232596
21777,0.086237672,0.072111997,0.596886468,0.244763863
21778,0.271846125,0.161927702,0.169947253,0.39627892
21779,0.387110075,0.243227767,0.085361483,0.284300676
21780,0.180835958,0.126678286,0.458410279,0.234075478
21781,0.093282656,0.077667673,0.625415205,0.203634467
21782,0.442850403,0.024052977,0.419300985,0.113795635
21783,0.316775677,0.156812791,0.174343546,0.352067986
21784,0.523313471,0.297403319,0.058569516,0.120713695
21785,0.20163805,0.5577798,0.161537049,0.079045101
21786,0.124547353,0.092878538,0.28830782,0.494266288
21787,0.109476737,0.558486353,0.067127952,0.264908958
21788,0.465878827,0.274525476,0.056120661,0.203475036
21789,0.138617394,0.321040029,0.248054339,0.292288239
21790,0.572582896,0.12269556,0.117522453,0.187199091
21791,0.307968019,0.202046167,0.203026517,0.286959298
21792,0.066296297,0.373803526,0.414897712,0.145002465
21793,0.134409572,0.324261543,0.426820808,0.114508076
21794,0.036819785,0.558537294,0.252193294,0.152449627
21795,0.222117481,0.028863745,0.592608345,0.156410429
21796,0.273572682,0.292181515,0.164440599,0.269805203
21797,0.263955104,0.367356057,0.187216986,0.181471852
21798,0.390924888,0.060900343,0.376865082,0.171309688
21799,0.097386127,0.106189864,0.218549002,0.577875007
21800,0.091700601,0.145074847,0.34002741,0.423197142
21801,0.181941632,0.155372788,0.323972034,0.338713545
21802,0.049054118,0.252286226,0.361376641,0.337283015
21803,0.115567587,0.141248932,0.513713331,0.22947015
21804,0.214418042,0.489664893,0.132044067,0.163872997
21805,0.518176732,0.063415495,0.171981502,0.246426271
21806,0.091155278,0.42942903,0.230344379,0.249071312
21807,0.149229998,0.472562676,0.136709205,0.24149812
21808,0.356657678,0.13199473,0.202995237,0.308352354
21809,0.615056192,0.076336908,0.063604408,0.245002492
21810,0.531888308,0.078053258,0.253715138,0.136343295
21811,0.247839548,0.389107322,0.273653254,0.089399876
21812,0.181093997,0.090670964,0.451362832,0.276872207
21813,0.256799263,0.513934567,0.074953998,0.154312171
21814,0.133627325,0.225982007,0.443721953,0.196668716
21815,0.338580298,0.096535367,0.29959017,0.265294166
21816,0.36282118,0.466577196,0.060286889,0.110314735
21817,0.03650398,0.064139782,0.767231754,0.132124484
21818,0.088107596,0.096462263,0.419928526,0.395501615
21819,0.248932148,0.232548259,0.112385829,0.406133765
21820,0.52943027,0.169320062,0.127971433,0.173278235
21821,0.169771206,0.160640164,0.500249788,0.169338842
21822,0.385900624,0.487783205,0.057276675,0.069039496
21823,0.15964744,0.483538009,0.212942396,0.143872154
21824,0.157570533,0.542585364,0.221963359,0.077880744
21825,0.067866619,0.510822905,0.134611939,0.286698536
21826,0.282149748,0.366384194,0.277880537,0.073585522
21827,0.062551945,0.09359225,0.724725273,0.119130532
21828,0.131494403,0.509958927,0.132788001,0.225758669
21829,0.103759046,0.131957583,0.565567179,0.198716192
21830,0.044817524,0.116884614,0.644561553,0.193736309
21831,0.288435002,0.352977226,0.107255415,0.251332357
21832,0.232723462,0.477676922,0.0594739,0.230125716
21833,0.587666772,0.068328166,0.196565196,0.147439866
21834,0.481735844,0.252585705,0.086280977,0.179397474
21835,0.105027953,0.411889873,0.124342292,0.358739882
21836,0.051138865,0.087779598,0.627115432,0.233966104
21837,0.156305205,0.080867843,0.396480799,0.366346153
21838,0.34018183,0.128983551,0.347107152,0.183727467
21839,0.141355423,0.493627179,0.189575404,0.175441993
21840,0.56855636,0.046569956,0.257799046,0.127074638
21841,0.450176463,0.237596625,0.097054468,0.215172444
21842,0.061506502,0.296618261,0.441540977,0.20033426
21843,0.609028316,0.083083557,0.077917445,0.229970681
21844,0.061551535,0.579121658,0.174003426,0.18532338
21845,0.299272077,0.184025322,0.269136679,0.247565922
21846,0.073925667,0.453372292,0.186109199,0.286592842
21847,0.299478817,0.113573776,0.443027793,0.143919614
21848,0.090140937,0.185291281,0.082355118,0.642212664
21849,0.496471036,0.314984424,0.048597238,0.139947302
21850,0.488855616,0.127918404,0.072046724,0.311179255
21851,0.160491585,0.5809711,0.036473054,0.222064261
21852,0.333213557,0.181478064,0.228401407,0.256906972
21853,0.078969341,0.185730136,0.371102296,0.364198227
21854,0.322840602,0.147322521,0.122607989,0.407228888
21855,0.117439225,0.498457803,0.07026986,0.313833112
21856,0.375554666,0.258662635,0.225660194,0.140122505
21857,0.099124586,0.579021455,0.078768287,0.243085672
21858,0.443067024,0.11070568,0.046108556,0.400118741
21859,0.34144208,0.117425836,0.096773284,0.4443588
21860,0.396534799,0.393612845,0.057053082,0.152799273
21861,0.15976146,0.124030229,0.520457091,0.19575122
21862,0.026972505,0.323823652,0.413463069,0.235740773
21863,0.062900122,0.415015661,0.18361432,0.338469897
21864,0.292321656,0.501414716,0.029508182,0.176755446
21865,0.104128127,0.368156423,0.368142583,0.159572867
21866,0.177692366,0.187786064,0.3766327,0.257888871
21867,0.0522413,0.139589367,0.316412147,0.491757186
21868,0.122321067,0.091153761,0.527151697,0.259373475
21869,0.317235367,0.097157988,0.1474344,0.438172245
21870,0.293004745,0.179908167,0.326959252,0.200127836
21871,0.719634886,0.073842629,0.023303011,0.183219474
21872,0.041841493,0.44535424,0.338368012,0.174436255
21873,0.334141439,0.303286126,0.252232783,0.110339652
21874,0.079408782,0.634787925,0.106633769,0.179169524
21875,0.343014473,0.432380093,0.047479688,0.177125746
21876,0.448848238,0.142116514,0.191931914,0.217103334
21877,0.093256651,0.468905673,0.085990923,0.351846752
21878,0.342012876,0.48407145,0.042346354,0.131569319
21879,0.323266553,0.280502029,0.087424555,0.308806863
21880,0.399218868,0.115332441,0.293424019,0.192024672
21881,0.135610852,0.400993881,0.208318887,0.25507638
21882,0.253753938,0.20385257,0.288247972,0.254145521
21883,0.072498194,0.395670821,0.250502163,0.281328822
21884,0.194294819,0.574237827,0.024535395,0.206931958
21885,0.08336724,0.478633779,0.06429393,0.37370505
21886,0.279082196,0.290222808,0.103524595,0.327170401
21887,0.186113862,0.077930993,0.442303387,0.293651758
21888,0.058143154,0.518115099,0.273543133,0.150198614
21889,0.171960134,0.315123499,0.34322849,0.169687877
21890,0.245573306,0.204588771,0.220131755,0.329706169
21891,0.476689353,0.027802868,0.388194569,0.10731321
21892,0.08655414,0.365396758,0.100175419,0.447873683
21893,0.187387773,0.437568906,0.099730578,0.275312742
21894,0.196998477,0.09752289,0.327277495,0.378201139
21895,0.059536394,0.057013337,0.762612324,0.120837946
21896,0.355280554,0.159557192,0.367487809,0.117674445
21897,0.242016234,0.337190031,0.325386113,0.095407622
21898,0.256166809,0.287660392,0.3064806,0.149692199
21899,0.281525156,0.166340998,0.477730362,0.074403484
21900,0.086789465,0.100023,0.135566094,0.677621441
21901,0.297116098,0.527191242,0.024654261,0.1510384
21902,0.076255202,0.171342123,0.592896304,0.159506371
21903,0.060868126,0.146571895,0.609788846,0.182771133
21904,0.386863032,0.074633412,0.272567779,0.265935777
21905,0.0283189,0.47575668,0.281147556,0.214776864
21906,0.122946032,0.245516771,0.07410853,0.557428667
21907,0.082736292,0.411574442,0.274876007,0.230813258
21908,0.286732643,0.171777695,0.296150559,0.245339103
21909,0.220597961,0.086899661,0.407723387,0.284778991
21910,0.491958987,0.128825451,0.106515811,0.27269975
21911,0.225233366,0.471002405,0.10249239,0.201271838
21912,0.187001703,0.447168789,0.041658812,0.324170696
21913,0.174527032,0.329395487,0.161857263,0.334220218
21914,0.134724975,0.141445429,0.110402133,0.613427464
21915,0.276551708,0.066316157,0.375696534,0.281435601
21916,0.075115009,0.082438764,0.190108391,0.652337836
21917,0.13932275,0.137503199,0.254383141,0.46879091
21918,0.082647522,0.082700141,0.582692102,0.251960235
21919,0.19044028,0.076332764,0.52698086,0.206246095
21920,0.209393749,0.184189652,0.171593205,0.434823395
21921,0.165069573,0.517789381,0.126989604,0.190151442
21922,0.466056021,0.176881871,0.073503836,0.283558272
21923,0.163939736,0.089838412,0.198034998,0.548186854
21924,0.232466234,0.116898057,0.170501401,0.480134308
21925,0.35944566,0.148781043,0.293827022,0.197946275
21926,0.438550502,0.07280307,0.137074987,0.35157144
21927,0.155860556,0.144153428,0.480145875,0.219840141
21928,0.181515947,0.515495194,0.073520165,0.229468694
21929,0.105714822,0.122691563,0.134812597,0.636781018
21930,0.052814363,0.316735839,0.311338723,0.319111076
21931,0.214912491,0.382805145,0.051901476,0.350380888
21932,0.119208508,0.042790094,0.580232052,0.257769347
21933,0.086642107,0.522400794,0.061648869,0.32930823
21934,0.122493839,0.307416613,0.271233783,0.298855765
21935,0.160857679,0.256183793,0.142572604,0.440385924
21936,0.240213139,0.26629749,0.230294746,0.263194624
21937,0.054541536,0.143565022,0.525232705,0.276660737
21938,0.038059389,0.491318196,0.191025302,0.279597114
21939,0.092391156,0.328892938,0.117086491,0.461629415
21940,0.433327043,0.253205871,0.101060326,0.21240676
21941,0.11810375,0.078179917,0.379579619,0.424136714
21942,0.196077628,0.439066997,0.198938578,0.165916797
21943,0.082772591,0.358474337,0.098266117,0.460486955
21944,0.102425715,0.287100629,0.367779246,0.242694409
21945,0.085324588,0.370495632,0.073289529,0.47089025
21946,0.354756016,0.159457192,0.173337445,0.312449348
21947,0.483796007,0.188412157,0.082623645,0.245168191
21948,0.097211372,0.468116,0.23994133,0.194731298
21949,0.126960283,0.316322372,0.213825478,0.342891867
21950,0.117505644,0.376744471,0.145994955,0.359754931
21951,0.144812508,0.218973168,0.241955028,0.394259297
21952,0.330580663,0.096498342,0.080068995,0.492852
21953,0.276008834,0.364015651,0.076177761,0.283797754
21954,0.157872299,0.101597714,0.116355675,0.624174312
21955,0.406428907,0.116281554,0.240610136,0.236679403
21956,0.062026323,0.116652254,0.129128769,0.692192654
21957,0.33637213,0.153315753,0.298891685,0.211420432
21958,0.035989713,0.590528446,0.144926114,0.228555727
21959,0.06569585,0.096967693,0.093993741,0.743342715
21960,0.197866943,0.47421464,0.068768632,0.259149785
21961,0.225426346,0.157950476,0.362271137,0.25435204
21962,0.535940299,0.199289987,0.052317153,0.212452561
21963,0.055966212,0.416093302,0.357055215,0.170885271
21964,0.181489908,0.04130293,0.55458302,0.222624142
21965,0.127018161,0.094941875,0.395831111,0.382208853
21966,0.091186496,0.066915163,0.382495411,0.45940293
21967,0.469106523,0.020289563,0.245121187,0.265482727
21968,0.284285418,0.447699823,0.051571419,0.21644334
21969,0.042628435,0.174846095,0.195245015,0.587280455
21970,0.169427181,0.170975387,0.12912718,0.530470253
21971,0.298204662,0.269040495,0.262879649,0.169875194
21972,0.47123029,0.123975608,0.123301128,0.281492974
21973,0.369533607,0.162819046,0.044508606,0.423138742
21974,0.491319986,0.211352801,0.05221389,0.245113323
21975,0.052396602,0.11563724,0.33791603,0.494050128
21976,0.364789199,0.299061049,0.201175234,0.134974518
21977,0.152768537,0.405216046,0.208445125,0.233570293
21978,0.224853182,0.064329032,0.328840664,0.381977122
21979,0.208026328,0.276970667,0.071530841,0.443472165
21980,0.073722464,0.535352721,0.128382458,0.262542357
21981,0.142415738,0.345548976,0.286523015,0.225512271
21982,0.157192867,0.246163601,0.262933491,0.333710041
21983,0.046400716,0.105057133,0.226308497,0.622233654
21984,0.066450614,0.252494679,0.184219103,0.496835605
21985,0.040445594,0.545477033,0.04070263,0.373374743
21986,0.110954839,0.106846205,0.381309953,0.400889003
21987,0.048718706,0.230306111,0.165533404,0.555441779
21988,0.348574446,0.172831826,0.13638531,0.342208418
21989,0.06624155,0.318313551,0.208737035,0.406707864
21990,0.049833359,0.360066683,0.215990174,0.374109784
21991,0.247558956,0.177057785,0.137626894,0.437756366
21992,0.147344919,0.142950107,0.056879079,0.652825895
21993,0.106503069,0.418206567,0.091626648,0.383663715
21994,0.084020522,0.284806999,0.402859291,0.228313188
21995,0.039761697,0.176441574,0.409167909,0.37462882
21996,0.357147809,0.113666401,0.041179901,0.488005888
21997,0.331626877,0.114986294,0.211735091,0.341651737
21998,0.207842299,0.14142429,0.115125682,0.53560773
21999,0.106260087,0.419668594,0.096755945,0.377315374
22000,0.374098721,0.06801029,0.235986547,0.321904442
22001,0.109202069,0.421282158,0.255088658,0.214427115
22002,0.206114953,0.305261026,0.078742728,0.409881294
22003,0.057267771,0.176600332,0.450295864,0.315836032
22004,0.461896946,0.11242296,0.082120089,0.343560005
22005,0.176935969,0.114702921,0.259229171,0.44913194
22006,0.049350727,0.22865741,0.177302932,0.54468893
22007,0.198446237,0.418533565,0.192081886,0.190938311
22008,0.066353939,0.160597095,0.418130573,0.354918393
22009,0.427302213,0.111677988,0.124989005,0.336030794
22010,0.137422006,0.541804785,0.046763857,0.274009353
22011,0.097394219,0.247262813,0.249166312,0.406176655
22012,0.248959329,0.171320505,0.133179757,0.446540408
22013,0.321794388,0.078690928,0.379044921,0.220469763
22014,0.126903057,0.120212581,0.54005893,0.212825432
22015,0.100571859,0.116705989,0.290860728,0.491861424
22016,0.078560741,0.317981447,0.044668345,0.558789467
22017,0.05390425,0.611677055,0.04219377,0.292224925
22018,0.228612223,0.173862166,0.296428108,0.301097503
22019,0.224834341,0.105227386,0.244574806,0.425363467
22020,0.173698558,0.192488411,0.212550856,0.421262175
22021,0.061861023,0.303659018,0.252304681,0.382175278
22022,0.519738079,0.034616623,0.140936078,0.30470922
22023,0.350071689,0.02460749,0.36408088,0.26123994
22024,0.22523372,0.059230932,0.066915055,0.648620293
22025,0.36848742,0.199174817,0.080205227,0.352132536
22026,0.52602337,0.119759814,0.044048316,0.3101685
22027,0.309832557,0.192896972,0.103424358,0.393846113
22028,0.397176717,0.108847691,0.055856895,0.438118697
22029,0.056328729,0.077422398,0.081849199,0.784399674
22030,0.479803618,0.032908909,0.275541713,0.211745759
22031,0.187674861,0.187165511,0.095010428,0.530149201
22032,0.118684239,0.168315991,0.091256521,0.621743248
22033,0.049523841,0.120968784,0.561070409,0.268436966
22034,0.618992927,0.055031759,0.071635743,0.254339571
22035,0.260780527,0.075397418,0.116993604,0.546828451
22036,0.417206545,0.26455209,0.071897405,0.24634396
22037,0.168935986,0.141839378,0.035885624,0.653339011
22038,0.13677537,0.320854945,0.072686563,0.469683122
22039,0.432896283,0.292288983,0.020569161,0.254245572
22040,0.259194616,0.340750798,0.136600556,0.26345403
22041,0.154078283,0.059766994,0.51921133,0.266943393
22042,0.203783778,0.278589341,0.309254482,0.208372399
22043,0.156698882,0.563912931,0.078991736,0.200396451
22044,0.076766143,0.144640144,0.2667574,0.511836314
22045,0.097801677,0.295328683,0.112555957,0.494313683
22046,0.144222452,0.263385481,0.267998593,0.324393474
22047,0.214481207,0.374699402,0.056806986,0.354012405
22048,0.107011921,0.707023852,0.028974053,0.156990174
22049,0.125941427,0.600750509,0.061282494,0.21202557
22050,0.282920122,0.323399476,0.307792914,0.085887487
22051,0.052192455,0.106580476,0.595150693,0.246076375
22052,0.227344428,0.296528339,0.277398235,0.198728999
22053,0.049235849,0.668293079,0.136108249,0.146362822
22054,0.110663842,0.065701074,0.609799415,0.213835669
22055,0.290788066,0.084508719,0.497888314,0.1268149
22056,0.28766065,0.059600677,0.382860064,0.26987861
22057,0.268563342,0.159077421,0.259853854,0.312505383
22058,0.264307259,0.52640096,0.103706462,0.105585319
22059,0.205370524,0.473043288,0.066275458,0.25531073
22060,0.221821405,0.259638429,0.065469762,0.453070404
22061,0.100369922,0.219213199,0.386711035,0.293705845
22062,0.087970452,0.366059517,0.378690427,0.167279604
22063,0.033812711,0.479295187,0.274400997,0.212491105
22064,0.372680815,0.225317093,0.154256214,0.247745877
22065,0.211477916,0.198492128,0.341779084,0.248250872
22066,0.394733264,0.183216852,0.159209412,0.262840471
22067,0.311487124,0.289226897,0.060629898,0.33865608
22068,0.212608506,0.582352931,0.027158141,0.177880421
22069,0.10054976,0.390378141,0.120485799,0.388586301
22070,0.367559926,0.079043899,0.132537681,0.420858494
22071,0.278968273,0.318722253,0.09493341,0.307376064
22072,0.041286144,0.610451823,0.195680838,0.152581195
22073,0.207226714,0.160522653,0.247413694,0.38483694
22074,0.050559643,0.549587756,0.099164622,0.300687979
22075,0.124665464,0.195495462,0.253387379,0.426451695
22076,0.469828156,0.202180408,0.096479025,0.231512411
22077,0.242800253,0.10608089,0.094283891,0.556834966
22078,0.467398338,0.14467936,0.11796269,0.269959612
22079,0.422679304,0.048820276,0.057704309,0.470796112
22080,0.202691953,0.092963004,0.322037745,0.382307297
22081,0.098362933,0.396009533,0.111919823,0.39370771
22082,0.404162507,0.186262538,0.097005703,0.312569252
22083,0.02970876,0.351692077,0.206364841,0.412234321
22084,0.144089714,0.08392161,0.052270824,0.719717852
22085,0.290274335,0.111030361,0.13328097,0.465414334
22086,0.091821681,0.365135406,0.050407667,0.492635246
22087,0.067918096,0.062171928,0.291396415,0.578513561
22088,0.127146209,0.160716377,0.092633116,0.619504298
22089,0.030142394,0.471881189,0.199806533,0.298169884
22090,0.111432873,0.163251215,0.241895671,0.483420241
22091,0.084772235,0.129040455,0.451785967,0.334401343
22092,0.474138997,0.214377285,0.0463591,0.265124618
22093,0.094803133,0.132217151,0.387067264,0.385912452
22094,0.120600409,0.095775629,0.239327745,0.544296217
22095,0.083855003,0.243925276,0.172127831,0.50009189
22096,0.168276669,0.056486006,0.406599428,0.368637898
22097,0.498030379,0.031939709,0.074914083,0.395115829
22098,0.209623282,0.038402659,0.505933145,0.246040914
22099,0.066805957,0.224823863,0.103710783,0.604659398
22100,0.055139895,0.145653112,0.492193156,0.307013837
22101,0.382796074,0.183925781,0.144334884,0.288943262
22102,0.071853437,0.238689831,0.123050362,0.56640637
22103,0.198836532,0.3099765,0.175099468,0.3160875
22104,0.303006868,0.323095427,0.055523831,0.318373874
22105,0.047664228,0.211821356,0.189011481,0.551502935
22106,0.486965679,0.167839775,0.03442301,0.310771536
22107,0.126091938,0.068476897,0.497286818,0.308144347
22108,0.259789895,0.101362512,0.191057932,0.447789661
22109,0.249236264,0.400619313,0.084619881,0.265524542
22110,0.073526955,0.061260855,0.129693616,0.735518575
22111,0.26340428,0.199883119,0.123475398,0.413237203
22112,0.032462851,0.210762088,0.445648189,0.311126873
22113,0.044419235,0.471284099,0.154088656,0.33020801
22114,0.178181769,0.113676185,0.127506296,0.580635751
22115,0.146028495,0.132898933,0.059526955,0.661545617
22116,0.047989564,0.18249161,0.459519132,0.309999694
22117,0.26543148,0.153240648,0.334254914,0.247072958
22118,0.593341463,0.057859916,0.056193954,0.292604667
22119,0.06374186,0.529251056,0.096859787,0.310147297
22120,0.140577411,0.064027353,0.474087999,0.321307237
22121,0.088269793,0.235417999,0.168715799,0.507596409
22122,0.185655185,0.349954362,0.279161873,0.18522858
22123,0.108031315,0.354815773,0.236113692,0.30103922
22124,0.039614251,0.434916086,0.232481385,0.292988278
22125,0.281945683,0.120939288,0.144258349,0.45285668
22126,0.143501759,0.175188362,0.263560745,0.417749134
22127,0.442572588,0.1387246,0.16359697,0.255105842
22128,0.292045075,0.268056543,0.233008434,0.206889947
22129,0.083316136,0.08955073,0.132286726,0.694846407
22130,0.05176074,0.345698543,0.338611967,0.26392875
22131,0.562528763,0.080464329,0.122238498,0.234768411
22132,0.083223307,0.309611278,0.344234808,0.262930607
22133,0.053364259,0.10010625,0.503016222,0.343513269
22134,0.316103371,0.119939272,0.229452791,0.334504566
22135,0.596819829,0.031574081,0.029267356,0.342338735
22136,0.194758181,0.146999855,0.063525746,0.594716217
22137,0.357583498,0.097582124,0.123043893,0.421790485
22138,0.291993554,0.234518312,0.137291582,0.336196552
22139,0.108310239,0.48773836,0.1341367,0.269814701
22140,0.108937414,0.065310531,0.331402483,0.494349572
22141,0.069173403,0.310309308,0.206375988,0.4141413
22142,0.175982396,0.081464139,0.52818801,0.214365454
22143,0.341679535,0.120767121,0.281452327,0.256101017
22144,0.019706639,0.249840523,0.512655702,0.217797136
22145,0.110527784,0.217968655,0.27744329,0.394060271
22146,0.317022601,0.06604057,0.281029621,0.335907208
22147,0.399901829,0.078375673,0.167300064,0.354422434
22148,0.273341797,0.105597846,0.168358767,0.45270159
22149,0.099583209,0.375423885,0.031065892,0.493927014
22150,0.112716683,0.093989146,0.507853874,0.285440297
22151,0.28397714,0.04342811,0.349149825,0.323444926
22152,0.176893177,0.079589752,0.069809894,0.673707176
22153,0.046733449,0.318569045,0.348000316,0.28669719
22154,0.118289756,0.426058412,0.150380744,0.305271089
22155,0.114558008,0.271271663,0.357048884,0.257121445
22156,0.075725121,0.442853355,0.064120563,0.417300961
22157,0.148290298,0.30648314,0.341505694,0.203720867
22158,0.092952425,0.316694201,0.10567586,0.484677513
22159,0.097043109,0.2449741,0.467860067,0.190122724
22160,0.089382255,0.211480402,0.15063208,0.548505264
22161,0.047820942,0.327220207,0.138571211,0.486387641
22162,0.075949821,0.261581036,0.31980023,0.342668914
22163,0.438512789,0.090370116,0.065183156,0.40593394
22164,0.052115114,0.051609848,0.526036201,0.370238837
22165,0.05845233,0.39350234,0.216882681,0.33116265
22166,0.406258408,0.362532978,0.079434777,0.151773837
22167,0.302153257,0.305763515,0.176482586,0.215600642
22168,0.193482148,0.126181348,0.373630645,0.306705858
22169,0.289064736,0.058495325,0.203001329,0.44943861
22170,0.06863084,0.186573059,0.480470843,0.264325258
22171,0.096750688,0.313096566,0.281627562,0.308525184
22172,0.076047716,0.129643149,0.065026845,0.72928229
22173,0.136373626,0.495957229,0.065042222,0.302626923
22174,0.497155244,0.13568959,0.049235088,0.317920078
22175,0.135838179,0.439676543,0.123924847,0.300560431
22176,0.285719286,0.101421196,0.30457331,0.308286208
22177,0.176295514,0.10407433,0.16502268,0.554607476
22178,0.243154652,0.442895021,0.111193418,0.202756908
22179,0.059710611,0.369220122,0.05489016,0.516179108
22180,0.297824826,0.092469585,0.402497632,0.207207957
22181,0.096510996,0.562332871,0.062967431,0.278188702
22182,0.338275889,0.084259007,0.342819093,0.234646011
22183,0.203537284,0.394016233,0.091791832,0.310654651
22184,0.253412664,0.069770123,0.179571234,0.497245979
22185,0.182761696,0.224852075,0.085779573,0.506606656
22186,0.080805854,0.45031891,0.147730729,0.321144508
22187,0.181781948,0.217526834,0.070745493,0.529945725
22188,0.213090386,0.197555887,0.422720627,0.1666331
22189,0.265448609,0.079465057,0.37279145,0.282294883
22190,0.075624306,0.426109978,0.137572044,0.360693672
22191,0.217772166,0.075857245,0.525114628,0.181255961
22192,0.144725766,0.217898453,0.208724339,0.428651442
22193,0.082819647,0.153816846,0.095717936,0.667645571
22194,0.261745124,0.307581384,0.039154036,0.391519456
22195,0.168931158,0.535228208,0.18082534,0.115015293
22196,0.229414332,0.07235911,0.10979449,0.588432068
22197,0.13299845,0.421012507,0.073997537,0.371991507
22198,0.082441144,0.057150135,0.104043231,0.756365491
22199,0.564589307,0.084492435,0.088508791,0.262409467
22200,0.415690735,0.09316649,0.138592413,0.352550362
22201,0.246113465,0.385415284,0.120952288,0.247518963
22202,0.425960004,0.238902289,0.07279957,0.262338138
22203,0.316837728,0.319437733,0.072927896,0.290796644
22204,0.124780182,0.238102285,0.052787834,0.584329698
22205,0.323294738,0.261000138,0.149587895,0.266117229
22206,0.061193607,0.183080021,0.451600509,0.304125863
22207,0.088733899,0.079200674,0.369628671,0.462436755
22208,0.316998613,0.384133131,0.064705049,0.234163207
22209,0.12806642,0.120672314,0.059053344,0.692207921
22210,0.107439047,0.196549974,0.149580435,0.546430544
22211,0.174804887,0.231050244,0.065338065,0.528806804
22212,0.04094045,0.34326231,0.355661496,0.260135743
22213,0.130769874,0.300258326,0.163898911,0.405072889
22214,0.087203824,0.246696299,0.298546354,0.367553523
22215,0.072895721,0.115782223,0.56766952,0.243652536
22216,0.383741129,0.180737317,0.079237611,0.356283943
22217,0.124837509,0.110025225,0.458355699,0.306781566
22218,0.095502577,0.391292499,0.049202492,0.464002432
22219,0.382992638,0.058250404,0.121287845,0.437469114
22220,0.711960852,0.030885029,0.089390522,0.167763597
22221,0.077624914,0.180904908,0.06526366,0.676206519
22222,0.643780891,0.094656656,0.046524704,0.215037749
22223,0.26441373,0.397255885,0.059494216,0.27883617
22224,0.216392916,0.152100985,0.200661864,0.430844234
22225,0.434618586,0.256492866,0.144091072,0.164797476
22226,0.151348976,0.066150128,0.503434052,0.279066844
22227,0.35602718,0.258217578,0.194432306,0.191322936
22228,0.040622549,0.521659402,0.15344179,0.284276259
22229,0.215590125,0.40722618,0.145223992,0.231959703
22230,0.185952011,0.073469341,0.562463073,0.178115575
22231,0.504821146,0.215856071,0.119760457,0.159562326
22232,0.294581523,0.254099152,0.116891726,0.334427599
22233,0.114290451,0.110092166,0.324848983,0.4507684
22234,0.258460323,0.429664641,0.066137132,0.245737904
22235,0.222196228,0.105621307,0.148631677,0.523550788
22236,0.63934906,0.101306701,0.050684139,0.2086601
22237,0.329812928,0.080816196,0.307427844,0.281943032
22238,0.040001419,0.198439709,0.550747413,0.210811459
22239,0.154988496,0.530700468,0.141307346,0.17300369
22240,0.150361819,0.336797917,0.172366171,0.340474093
22241,0.357339712,0.125948392,0.164816524,0.351895372
22242,0.518503468,0.108948112,0.08561789,0.28693053
22243,0.054328143,0.661330216,0.054072922,0.230268719
22244,0.329082505,0.36389944,0.153232096,0.153785958
22245,0.551575323,0.086379105,0.087359641,0.274685931
22246,0.204279375,0.476453172,0.143009253,0.1762582
22247,0.107568003,0.106050669,0.599370981,0.187010347
22248,0.29419041,0.087095329,0.510708458,0.108005803
22249,0.080900933,0.207417054,0.249714001,0.461968012
22250,0.467646578,0.051019591,0.162485112,0.318848719
22251,0.125164999,0.137892012,0.394926626,0.342016363
22252,0.189455993,0.09425081,0.39587733,0.320415867
22253,0.229981537,0.425849918,0.046011556,0.298156989
22254,0.047709335,0.173816048,0.398228324,0.380246294
22255,0.13577994,0.086758966,0.24588886,0.531572234
22256,0.311112795,0.07372018,0.252556746,0.362610278
22257,0.371494938,0.068039771,0.300007072,0.260458219
22258,0.086745116,0.387941314,0.271223871,0.2540897
22259,0.173125254,0.12605125,0.189085355,0.51173814
22260,0.0662361,0.103655223,0.370073889,0.460034788
22261,0.192485384,0.123902542,0.400181816,0.283430257
22262,0.293017551,0.310338781,0.171193054,0.225450614
22263,0.10468232,0.370548225,0.10342661,0.421342844
22264,0.374208521,0.307150041,0.102266686,0.216374753
22265,0.235324434,0.114161372,0.399104951,0.251409243
22266,0.150830792,0.090579207,0.407304718,0.351285283
22267,0.042493835,0.062898244,0.463867994,0.430739927
22268,0.315662343,0.219589236,0.168068123,0.296680297
22269,0.241963046,0.546801551,0.013305545,0.197929858
22270,0.077672636,0.25347141,0.318491252,0.350364702
22271,0.122895203,0.352745572,0.322271725,0.202087501
22272,0.200148462,0.436164281,0.098733638,0.264953619
22273,0.268668777,0.315289977,0.177007362,0.239033885
22274,0.177375907,0.463536019,0.043458357,0.315629717
22275,0.101891385,0.472269248,0.224760778,0.201078589
22276,0.070344568,0.125792272,0.405315569,0.398547591
22277,0.224211158,0.175129911,0.456774687,0.143884244
22278,0.085290597,0.327905875,0.289671429,0.297132099
22279,0.451931912,0.220184645,0.060628262,0.267255181
22280,0.235427187,0.129197288,0.219851375,0.41552415
22281,0.559840308,0.06888772,0.114880195,0.256391776
22282,0.073129787,0.298542164,0.459666625,0.168661424
22283,0.07683124,0.225703352,0.263387489,0.434077919
22284,0.25414394,0.124778094,0.401276643,0.219801322
22285,0.07263885,0.422737339,0.113485115,0.391138695
22286,0.119984778,0.043465359,0.555532625,0.281017238
22287,0.279966525,0.349615307,0.091453476,0.278964692
22288,0.414263572,0.134221869,0.174126664,0.277387895
22289,0.15181018,0.477430376,0.180360665,0.190398778
22290,0.405982488,0.053038365,0.420267261,0.120711887
22291,0.599167749,0.076090646,0.097482762,0.227258843
22292,0.305388237,0.216862481,0.220483627,0.257265655
22293,0.207062935,0.459584262,0.090060877,0.243291926
22294,0.275262098,0.205564643,0.130485901,0.388687358
22295,0.177231813,0.236877206,0.423377409,0.162513571
22296,0.319262855,0.063836051,0.156940926,0.459960167
22297,0.157454317,0.259129365,0.34062771,0.242788608
22298,0.08254811,0.158670201,0.58395655,0.174825138
