"","Ch1","Ch2","Ch3","Ch4"
"21566",0.195688051409227,0.0910948614447656,0.422475607319938,0.29074147982607
"21567",0.0408963105718457,0.2635956322676,0.509656857165281,0.185851199995273
"21568",0.285082969426059,0.474069320569831,0.0771119241400847,0.163735785864025
"21569",0.658234294376181,0.0673339879985555,0.104472115886815,0.16995960173845
"21570",0.151081931991471,0.31476132784589,0.445958090573022,0.088198649589617
"21571",0.106001443561141,0.522479479606029,0.138620824692997,0.232898252139832
"21572",0.133841416747754,0.0788002726110406,0.538760324109831,0.248597986531375
"21573",0.1250560802981,0.14665830615624,0.253884951394854,0.474400662150805
"21574",0.158583791602354,0.438506783968166,0.218763394428193,0.184146030001287
"21575",0.0550972002380974,0.0976514026647649,0.681088481147647,0.16616291594949
"21576",0.20698262971354,0.18944406353635,0.269052657326813,0.334520649423298
"21577",0.18771626110531,0.130728360755992,0.581314402733379,0.100240975405319
"21578",0.2720112766554,0.370410861082806,0.165180317768038,0.192397544493757
"21579",0.0658052472589457,0.163074049124584,0.214774577189342,0.556346126427128
"21580",0.0587099895008697,0.3344390108331,0.164047562571463,0.442803437094567
"21581",0.285783903932514,0.105285499106656,0.186232224910571,0.422698372050258
"21582",0.116942458352611,0.171947555589978,0.429010810161252,0.282099175896159
"21583",0.135064525725515,0.14403598620595,0.296351943154708,0.424547544913827
"21584",0.205436717732483,0.310471616029066,0.0721932824811967,0.411898383757254
"21585",0.236207883022605,0.361472395968017,0.121848290889327,0.28047143012005
"21586",0.184470997774167,0.451906935129927,0.198261283022702,0.165360784073205
"21587",0.0531756600354034,0.392075420693236,0.271529550486204,0.283219368785157
"21588",0.0488826466461373,0.092028684950544,0.598620489528306,0.260468178875013
"21589",0.147552907965723,0.0579378978184199,0.484240765454875,0.310268428760982
"21590",0.0402023633747275,0.0867879871659029,0.517764360552961,0.355245288906409
"21591",0.0735487851497592,0.206030154882564,0.317465754653309,0.402955305314368
"21592",0.121568689486659,0.205570870380728,0.120506622916584,0.552353817216028
"21593",0.337296173941809,0.229682444250128,0.160552911808901,0.272468469999162
"21594",0.114999463602374,0.128831082482388,0.341886544482623,0.414282909432614
"21595",0.247407540232455,0.0994495584904042,0.0581989955112568,0.594943905765884
"21596",0.120519711892662,0.553609450913197,0.0600198340694072,0.265851003124734
"21597",0.501040916359248,0.204533123446911,0.0652924544726171,0.229133505721223
"21598",0.0761158447248568,0.348430548669257,0.249730036945113,0.325723569660773
"21599",0.267251934206783,0.401947552852255,0.169657582685252,0.161142930255711
"21600",0.0961284479198449,0.14407132114914,0.0910656631715936,0.668734567759421
"21601",0.0527582313498725,0.127194877762614,0.168835235016424,0.65121165587109
"21602",0.0632533271555603,0.408042298263768,0.268002135863883,0.260702238716789
"21603",0.318924110569207,0.119115943353828,0.143900778650217,0.418059167426748
"21604",0.0768255235434532,0.121583117786554,0.448989414817487,0.352601943852506
"21605",0.154786841475063,0.0720637685376555,0.555620061043621,0.21752932894366
"21606",0.286219606955239,0.0591484592803908,0.327113646745224,0.327518287019146
"21607",0.517622045298849,0.128161552258339,0.0641556388365568,0.290060763606255
"21608",0.179656242595085,0.500987703199888,0.0385522687733859,0.280803785431641
"21609",0.0658041725468854,0.0828283716037141,0.533671448296239,0.317696007553162
"21610",0.259975167157802,0.353322371403484,0.0459071344290455,0.340795327009668
"21611",0.0484423559878989,0.0606024485006982,0.586145095043937,0.304810100467466
"21612",0.518583067367744,0.126130363063744,0.201087352366245,0.154199217202268
"21613",0.0536082224582119,0.154611333508664,0.338994869698445,0.452785574334679
"21614",0.0953807476775481,0.441956344382398,0.284718454343552,0.177944453596502
"21615",0.347292701573081,0.256978215717712,0.0389356924339747,0.356793390275233
"21616",0.243576430792402,0.0376373459366626,0.522546850732537,0.196239372538398
"21617",0.210354063333309,0.355382915268453,0.166545821915317,0.267717199482921
"21618",0.2122129856114,0.0921312770786782,0.229434073154559,0.466221664155363
"21619",0.167806752657348,0.15148597403762,0.0877687899393161,0.592938483365716
"21620",0.0847323058945038,0.57169832697217,0.0979742344376435,0.245595132695682
"21621",0.14105955250943,0.330807468234421,0.125409601655268,0.402723377600881
"21622",0.1027990677668,0.275286108415382,0.109552708583539,0.512362115234279
"21623",0.383656593026882,0.379859738749213,0.0606684539752994,0.175815214248607
"21624",0.489573702947411,0.228247892705257,0.0769013500810357,0.205277054266296
"21625",0.103772166707398,0.115564423816964,0.417864499478887,0.362798909996751
"21626",0.5790470404808,0.14302398400622,0.117416149329574,0.160512826183406
"21627",0.143619416952322,0.266968514063548,0.326899860147226,0.262512208836904
"21628",0.14042577886466,0.593688582435273,0.141491741298818,0.124393897401249
"21629",0.470290234945852,0.172981251418005,0.0961367923657082,0.260591721270435
"21630",0.220068777438773,0.189899803138368,0.139320272425212,0.450711146997648
"21631",0.165346901086415,0.0558590305718694,0.67917667519736,0.0996173931443555
"21632",0.0969206777585665,0.232892474461973,0.451797563697199,0.218389284082261
"21633",0.133820366613392,0.262846219917017,0.233333500979791,0.3699999124898
"21634",0.15900098007183,0.641211757396279,0.0843744270784876,0.115412835453403
"21635",0.0528618782323972,0.580979272568774,0.261096732079818,0.105062117119011
"21636",0.422780423262745,0.253754645703676,0.100621866099053,0.222843064934526
"21637",0.41169395473074,0.367991812055492,0.08457835213614,0.135735881077628
"21638",0.109489068587769,0.346414002116985,0.429485353333536,0.114611575961711
"21639",0.158271257011858,0.577209584652508,0.116014331888133,0.148504826447501
"21640",0.540388550493143,0.253537398932397,0.0661765398793825,0.139897510695077
"21641",0.189289286627281,0.287962954639398,0.411439539005413,0.111308219727908
"21642",0.527446209867778,0.199750591979826,0.136370241389487,0.13643295676291
"21643",0.0554707257652682,0.193869958121806,0.571764613777592,0.178894702335334
"21644",0.300391820198517,0.253780832448575,0.128850040541343,0.316977306811564
"21645",0.0792000448583394,0.638466551703388,0.131793527747156,0.150539875691116
"21646",0.151162801135124,0.192088373350662,0.512042445501356,0.144706380012859
"21647",0.139755869178619,0.201275267437878,0.484221219166589,0.174747644216915
"21648",0.30301909886799,0.140956076796148,0.409077944158369,0.146946880177492
"21649",0.483545586078795,0.104815222073835,0.228409021237925,0.183230170609446
"21650",0.106055474597137,0.398313358541835,0.318771854750699,0.176859312110328
"21651",0.473639682875753,0.0968233956193592,0.182537434099305,0.246999487405583
"21652",0.0814488172346252,0.120498090655337,0.204575926432139,0.593477165677899
"21653",0.625109029495261,0.168241986777436,0.0658835266978229,0.14076545702948
"21654",0.535001689097969,0.15587221424132,0.127388351325107,0.181737745335604
"21655",0.319909121079039,0.0511168734829416,0.490523371690567,0.138450633747453
"21656",0.519476519258654,0.0687026342562853,0.179339931517701,0.23248091496736
"21657",0.486831807500779,0.146682777765717,0.117279740932741,0.249205673800763
"21658",0.454529684445201,0.103012191083249,0.248925094856847,0.193533029614702
"21659",0.564846845274584,0.124220310088838,0.118096137469861,0.192836707166717
"21660",0.112924056156432,0.0836478555757798,0.280717919038291,0.522710169229497
"21661",0.162614159586434,0.297028931663349,0.110889213372791,0.429467695377427
"21662",0.0661567876716403,0.605300457725466,0.044878317263617,0.283664437339277
"21663",0.140026849354284,0.111973768525327,0.575941744959514,0.172057637160875
"21664",0.080372861882254,0.376683639130422,0.116042640970885,0.426900858016439
"21665",0.341422576617296,0.22225892918934,0.165709546253933,0.270608947939431
"21666",0.0825584154632399,0.314084986776379,0.239878209275892,0.363478388484489
"21667",0.0406943926739534,0.356888512418345,0.222871429661351,0.37954566524635
"21668",0.194330741175927,0.171506411314827,0.131177606295722,0.502985241213523
"21669",0.195095151410972,0.210085876721258,0.0640208039589379,0.530798167908832
"21670",0.106358477907406,0.552913815329162,0.0687680070665959,0.271959699696836
"21671",0.0730379388163659,0.270216346592405,0.528180126684913,0.128565587906317
"21672",0.0575905196950208,0.195295303023265,0.416909948914927,0.330204228366787
"21673",0.344071161655498,0.197190603859585,0.0485216212421746,0.410216613242742
"21674",0.313133840029333,0.120634426609086,0.246459505747688,0.319772227613893
"21675",0.353618132817121,0.125076132268268,0.104826609112805,0.416479125801806
"21676",0.112413350715144,0.5126813357782,0.122656884187193,0.252248429319463
"21677",0.49527797281622,0.0629302183697341,0.244696197604739,0.197095611209307
"21678",0.0968814176539479,0.473977622977938,0.315630442917662,0.113510516450452
"21679",0.156806466869477,0.438620089343842,0.0995987408788084,0.304974702907873
"21680",0.261474745180525,0.0685780291687539,0.509004876971123,0.160942348679598
"21681",0.270957899065953,0.0676687038931204,0.170138709104667,0.49123468793626
"21682",0.349220305603016,0.254739212646373,0.078656866933229,0.317383614817383
"21683",0.381168393046863,0.066839146145309,0.21435439524037,0.337638065567458
"21684",0.2637058756784,0.0523405398113946,0.176820910133057,0.507132674377148
"21685",0.12637667240809,0.259501731064265,0.119980706324105,0.494140890203539
"21686",0.0881389300405344,0.457893693383641,0.297673774537032,0.156293602038792
"21687",0.151090301021112,0.0954083869881918,0.361439265956893,0.392062046033803
"21688",0.231026464206273,0.110213205583873,0.0842739414491957,0.574486388760659
"21689",0.163318838019955,0.566396049343111,0.116282089673311,0.154003022963624
"21690",0.654020905764224,0.200285093475172,0.0316426096322298,0.114051391128374
"21691",0.232630627441564,0.436795953980481,0.119515048009359,0.211058370568596
"21692",0.0589644443298179,0.295647687111439,0.482219678935266,0.163168189623478
"21693",0.0836886080835074,0.675790869010086,0.0277629801549634,0.212757542751443
"21694",0.0913330518822411,0.17109029168443,0.303750605551021,0.433826050882308
"21695",0.385491116511609,0.288437066594513,0.253381363847756,0.0726904530461218
"21696",0.608116270532918,0.148080164853903,0.0500229753865407,0.193780589226638
"21697",0.409063144456959,0.270607818162207,0.189913480031447,0.130415557349387
"21698",0.14214518610559,0.0693712459684816,0.665035357995552,0.123448209930377
"21699",0.266812587688057,0.521758752960982,0.0517310249840271,0.159697634366934
"21700",0.327262455078273,0.268554469060616,0.132583842322817,0.271599233538294
"21701",0.491227101303939,0.0891505777265809,0.144457828037114,0.275164492932366
"21702",0.0859726904226605,0.280478672988535,0.158547249533706,0.475001387055099
"21703",0.143136989932515,0.235498269990758,0.0930070474379522,0.528357692638775
"21704",0.132761322989145,0.308301326154141,0.309964801024276,0.248972549832437
"21705",0.146782611861404,0.0964953321072024,0.50886946690707,0.247852589124323
"21706",0.109184549824212,0.461589161865431,0.0828921939492079,0.346334094361149
"21707",0.0583065826428876,0.560388772092026,0.189722193797807,0.19158245146728
"21708",0.0816506148624404,0.520895703416864,0.155146533842603,0.242307147878093
"21709",0.248965212246128,0.1169486512281,0.0703370051326368,0.563749131393135
"21710",0.272824967301768,0.124870359935065,0.114284178603951,0.488020494159216
"21711",0.0505785909335568,0.462476032906647,0.323084031051893,0.163861345107903
"21712",0.135999473334,0.258400190166219,0.0840046655574344,0.521595670942347
"21713",0.552097407117311,0.138079595384151,0.133359500341472,0.176463497157066
"21714",0.0921824411923244,0.590989683870129,0.0678727429221698,0.248955132015377
"21715",0.537746185656788,0.129431966136579,0.146024462784019,0.186797385422615
"21716",0.139892271360549,0.173244087526318,0.261321651620419,0.425541989492713
"21717",0.179608763931149,0.0730302757023893,0.526489958607594,0.220871001758868
"21718",0.367125738094147,0.339691395106668,0.0224815459113567,0.270701320887828
"21719",0.1820752781605,0.177047484818744,0.112765250634978,0.528111986385777
"21720",0.471447408257256,0.119123445431112,0.0648506443528763,0.344578501958756
"21721",0.151935392372411,0.179328136380458,0.419520476294312,0.249215994952818
"21722",0.408894181139723,0.247338466400392,0.100223764768763,0.243543587691122
"21723",0.0963752188849483,0.277180322236723,0.233883485857374,0.392560973020955
"21724",0.246581487425924,0.230363533326558,0.308505069250205,0.214549909997312
"21725",0.089352528870059,0.223820334903485,0.258934202950089,0.427892933276367
"21726",0.03092561279623,0.420251131148245,0.312735659392205,0.23608759666332
"21727",0.282152842137076,0.063089170086041,0.378383381699279,0.276374606077604
"21728",0.0718023415635575,0.12908711149566,0.354390476269532,0.444720070671251
"21729",0.284262920663759,0.293609043927295,0.128417374441688,0.293710660967259
"21730",0.240746390522511,0.0972362598079981,0.235202475954357,0.426814873715134
"21731",0.168806476320479,0.15193722112386,0.457740763997741,0.22151553855792
"21732",0.409855561565194,0.203398583892167,0.069123430690312,0.317622423852327
"21733",0.43742589294005,0.280411937571203,0.0965128639155847,0.185649305573162
"21734",0.0721950050318161,0.467909306223643,0.276186388918447,0.183709299826094
"21735",0.235754069357588,0.326998238446782,0.113334389107709,0.323913303087922
"21736",0.563453835262387,0.172435691171357,0.0882480188590648,0.175862454707192
"21737",0.227631306718002,0.292709083722525,0.36008534976725,0.119574259792223
"21738",0.356387745449403,0.327319864826946,0.234524355021451,0.0817680347021998
"21739",0.113209956418337,0.630268559433752,0.200329643943304,0.056191840204607
"21740",0.0403031666260008,0.662566242348576,0.220536285293887,0.076594305731536
"21741",0.0982350751245357,0.450883890955386,0.214148906958268,0.236732126961811
"21742",0.288433403323357,0.258512428907331,0.342303335207596,0.110750832561715
"21743",0.325868646692358,0.270578864011387,0.104814934108032,0.298737555188224
"21744",0.22854100258109,0.315573133766807,0.297897031238661,0.157988832413442
"21745",0.32665628329073,0.209130493714841,0.255906288308702,0.208306934685727
"21746",0.396138345347862,0.367568062148066,0.0866656069386534,0.149627985565419
"21747",0.226789172842685,0.557649391238572,0.120209092965456,0.0953523429532881
"21748",0.275061329751859,0.526405295889998,0.12024368297434,0.0782896913838035
"21749",0.125515939724161,0.464370305287054,0.289809176706161,0.120304578282624
"21750",0.0843122519497935,0.138335915524285,0.577202642087611,0.20014919043831
"21751",0.569040585676876,0.0843425988112453,0.216500035161904,0.130116780349975
"21752",0.278547618657672,0.274710905305721,0.115800405577358,0.330941070459249
"21753",0.191361369092006,0.190920552025844,0.297709917477515,0.320008161404634
"21754",0.0820981738795369,0.4854028544651,0.159596510911888,0.272902460743475
"21755",0.22017652767272,0.37474145748072,0.174367297147693,0.230714717698867
"21756",0.0977639440687321,0.367130676877378,0.164786597862732,0.370318781191158
"21757",0.159284628271486,0.622682002687759,0.0258423884079445,0.192190980632811
"21758",0.127485398826203,0.482629718729494,0.187856221662591,0.202028660781711
"21759",0.354006203539078,0.327397001933161,0.18522798474016,0.133368809787602
"21760",0.15382607179227,0.0486756468085902,0.459834833145489,0.33766344825365
"21761",0.132224310935951,0.0968569500030966,0.551196138458599,0.219722600602354
"21762",0.058268672328824,0.724060005517212,0.04947837226584,0.168192949888124
"21763",0.656254507536535,0.0569389662885443,0.0398968541330601,0.24690967204186
"21764",0.230928525922876,0.0267011638640208,0.588616551337991,0.153753758875112
"21765",0.423119670025748,0.176212755606967,0.103909333871361,0.296758240495924
"21766",0.102778494154774,0.502450367122873,0.0569978073369202,0.337773331385433
"21767",0.096941104281526,0.176703084674809,0.473267932809301,0.253087878234364
"21768",0.12518250655965,0.505662071595476,0.209844132323286,0.159311289521588
"21769",0.186329292297019,0.19170590074157,0.0764647765802184,0.545500030381193
"21770",0.13502186962548,0.315988376258699,0.349778007884143,0.199211746231678
"21771",0.0396165811739751,0.102313832650914,0.568439720848263,0.289629865326848
"21772",0.110804606376644,0.409952849661684,0.227334325919914,0.251908218041758
"21773",0.159578894180358,0.477839895375389,0.067244947552762,0.29533626289149
"21774",0.0437901029371368,0.115069968980753,0.617935411926034,0.223204516156077
"21775",0.172096957661217,0.418552196113033,0.14878837193161,0.26056247429414
"21776",0.380285444419334,0.331068621087135,0.119819364309521,0.168826570184011
"21777",0.0725654055130132,0.0700785330289328,0.618360279011166,0.238995782446888
"21778",0.232549055671223,0.156758438323477,0.169501089259763,0.441191416745537
"21779",0.385991336058653,0.173403447269772,0.0777999236132052,0.36280529305837
"21780",0.191420995410528,0.151522530132052,0.437154069646241,0.219902404811179
"21781",0.12149023545771,0.0987508284404862,0.571125425599963,0.20863351050184
"21782",0.561535028118067,0.0823183839639246,0.216042515943237,0.140104071974772
"21783",0.358024115794747,0.12601058790503,0.131367581940141,0.384597714360082
"21784",0.62712185826108,0.183621135269523,0.0733966103692074,0.11586039610019
"21785",0.137815683495061,0.527292428547826,0.226257021250326,0.108634866706787
"21786",0.0946234431528896,0.0876530049503892,0.24593378759664,0.571789764300081
"21787",0.157670959367402,0.504771411258804,0.0766672352213551,0.260890394152439
"21788",0.512062310639738,0.23149058552696,0.0732068255980478,0.183240278235254
"21789",0.153895465778135,0.216071243979812,0.237782716936036,0.392250573306017
"21790",0.58324715357008,0.0940513150072925,0.0930125396885391,0.229688991734088
"21791",0.457161999745252,0.12584312841077,0.112456318208065,0.304538553635913
"21792",0.0908815712749593,0.299513296892907,0.463185506985545,0.146419624846588
"21793",0.132998568634927,0.252482916686839,0.47690088631535,0.137617628362885
"21794",0.0387998153571183,0.520011537398317,0.276857225437365,0.1643314218072
"21795",0.206222156835275,0.039984881424285,0.59496254617142,0.15883041556902
"21796",0.258429217031184,0.363843576473942,0.120064191623641,0.257663014871232
"21797",0.238866041840124,0.416343768789803,0.197122631996182,0.14766755737389
"21798",0.405938033618016,0.0625528532165991,0.346586901403898,0.184922211761487
"21799",0.107953349404479,0.140314684846624,0.197114905351644,0.554617060397253
"21800",0.115777628538324,0.0986776897622631,0.379241968443359,0.406302713256053
"21801",0.15228699577264,0.185548531547781,0.282626347989866,0.379538124689713
"21802",0.0741812049977187,0.183722452039841,0.436768669804212,0.305327673158228
"21803",0.123550300850213,0.113913325584808,0.406644077174313,0.355892296390666
"21804",0.238371842122786,0.495499715461636,0.133893265227152,0.132235177188426
"21805",0.658158555320255,0.051979449799551,0.102907443848039,0.186954551032155
"21806",0.133924482876744,0.327726090878226,0.204389613756078,0.333959812488952
"21807",0.128288897707306,0.500533468569571,0.119716345049201,0.251461288673922
"21808",0.251372283336079,0.148107555414041,0.21152335681059,0.388996804439291
"21809",0.589406300664869,0.105836960501948,0.0787152989357584,0.226041439897425
"21810",0.628060224789247,0.0635887104605862,0.17147697426639,0.136874090483777
"21811",0.224975467152639,0.347241943109408,0.319081202760621,0.108701386977332
"21812",0.143117102449511,0.113329428354262,0.432911628550397,0.310641840645829
"21813",0.14079359130004,0.588726351965477,0.114713750800798,0.155766305933686
"21814",0.233412376111384,0.268540779930104,0.330218015696864,0.167828828261647
"21815",0.384991008696582,0.097984063192447,0.360727528485262,0.156297399625708
"21816",0.282198914503064,0.43928617224328,0.162307438279707,0.116207474973949
"21817",0.132812289141813,0.104949059817819,0.644691086965197,0.117547564075172
"21818",0.0956031092670122,0.128383449800128,0.511288281867962,0.264725159064898
"21819",0.255259897270311,0.19685100440691,0.165962487449555,0.381926610873224
"21820",0.521851919618938,0.133101831198825,0.19240449397135,0.152641755210887
"21821",0.134164618054487,0.238681604904003,0.385600851575332,0.241552925466178
"21822",0.316564589711502,0.467547132949627,0.118081131239807,0.0978071460990632
"21823",0.16414821360139,0.421958087806737,0.277398747144902,0.136494951446971
"21824",0.158416772684883,0.557916482381008,0.221834255913963,0.0618324890201458
"21825",0.0876617301148735,0.545160175688041,0.180452887263042,0.186725206934043
"21826",0.156248168286177,0.422809970494704,0.350232596134699,0.0707092650844191
"21827",0.0688277105299942,0.18191750715719,0.568879727195922,0.180375055116894
"21828",0.17672637346405,0.537466091922492,0.140009819149773,0.145797715463685
"21829",0.107879324238196,0.191606405799868,0.581479917473057,0.119034352488879
"21830",0.129847824386755,0.192154132841972,0.467608962520527,0.210389080250745
"21831",0.237918689747829,0.357136983713335,0.13745186033732,0.267492466201515
"21832",0.168639152096066,0.571610475633232,0.0781009575679191,0.181649414702782
"21833",0.612185608559522,0.0670164161523423,0.233993361286986,0.0868046140011497
"21834",0.531969501381789,0.237584690590501,0.107174417280161,0.12327139074755
"21835",0.144961682591102,0.353766427149963,0.160433923705363,0.340837966553572
"21836",0.0584717494921372,0.0780019513805963,0.662845866511065,0.200680432616202
"21837",0.165321977836371,0.140390461586511,0.367280828717224,0.327006731859893
"21838",0.365211250455593,0.182235843827852,0.30003763644078,0.152515269275775
"21839",0.140001771745103,0.574382117330793,0.132048690664835,0.153567420259269
"21840",0.495093350044838,0.122402169833525,0.248368569301156,0.134135910820481
"21841",0.498704533981248,0.194546763960599,0.170394214643414,0.136354487414739
"21842",0.0887962048195873,0.357207770046911,0.408919580278481,0.145076444855022
"21843",0.405659235192135,0.0929072000546011,0.228999195766244,0.27243436898702
"21844",0.0830701864418971,0.527172194926878,0.220309870430704,0.169447748200521
"21845",0.275287206038035,0.244252369667551,0.274836634797377,0.205623789497037
"21846",0.12703294404538,0.542181894046319,0.174365239572468,0.156419922335834
"21847",0.457629926775306,0.0861372836982595,0.340954717883366,0.115278071643068
"21848",0.236829618496993,0.198565472413377,0.117821555416064,0.446783353673566
"21849",0.441590417015317,0.431574992572042,0.0533454724428166,0.0734891179698245
"21850",0.389053132074496,0.206111583972729,0.113467678870266,0.291367605082509
"21851",0.195574718440469,0.584309916940818,0.0628648621292811,0.157250502489432
"21852",0.323716623219072,0.202475472697946,0.144430503237942,0.329377400845039
"21853",0.080680301053319,0.168090325246661,0.252975902677268,0.498253471022752
"21854",0.328023266117179,0.121002256401722,0.172649093850326,0.378325383630773
"21855",0.10615755797789,0.350611944179182,0.131326899899854,0.411903597943074
"21856",0.443629871760676,0.111373173034005,0.320699284091995,0.124297671113324
"21857",0.139917074620394,0.349901214877773,0.114292629537287,0.395889080964546
"21858",0.528348296662951,0.110015560658947,0.045347131164927,0.316289011513174
"21859",0.522339685734225,0.119896740887097,0.111264153247567,0.246499420131111
"21860",0.470009761551208,0.244568722946749,0.0868333357109706,0.198588179791072
"21861",0.095956832965313,0.196207677492719,0.534728413665889,0.173107075876079
"21862",0.065374317455499,0.543325425781749,0.217620193635692,0.17368006312706
"21863",0.0739342003996632,0.338993047224668,0.254882747787487,0.332190004588182
"21864",0.144690700537148,0.541898506685317,0.0802950519673745,0.23311574081016
"21865",0.133497856612815,0.289277275441677,0.440879660496561,0.136345207448947
"21866",0.292489988432569,0.156346347442224,0.317023275430702,0.234140388694505
"21867",0.0522271607403252,0.120555194558065,0.20398388793925,0.623233756762359
"21868",0.185302795035251,0.0859700843384407,0.413882748636746,0.314844371989563
"21869",0.175708985093068,0.0914607185676843,0.230073626346986,0.502756669992261
"21870",0.201156088983185,0.214606150314519,0.186587200944931,0.397650559757364
"21871",0.67533401909654,0.0552138215736635,0.0430271375584604,0.226425021771336
"21872",0.0486044587360597,0.482058056049588,0.220843260093011,0.248494225121341
"21873",0.315715209053427,0.345348837969464,0.223483612292295,0.115452340684814
"21874",0.0659809487090825,0.673216508655934,0.0773118485026198,0.183490694132364
"21875",0.319486382710082,0.332342689291809,0.0697530927535798,0.278417835244529
"21876",0.397511554912774,0.161698797506624,0.168425441805782,0.27236420577482
"21877",0.0958312812026075,0.316028245151945,0.0603026070377442,0.527837866607703
"21878",0.288326365074334,0.520937454818773,0.0529828976519009,0.137753282454992
"21879",0.181847186425299,0.325151254813739,0.116623035760225,0.376378523000738
"21880",0.414969101533251,0.136327024330407,0.147440895712164,0.301262978424178
"21881",0.100145087573168,0.306100414886417,0.18532192386235,0.408432573678065
"21882",0.183289600438425,0.169810355802629,0.213924866456365,0.432975177302582
"21883",0.114061791839675,0.285311636346664,0.202933188470988,0.397693383342672
"21884",0.174290741252052,0.439869714545827,0.0202595277273135,0.365580016474808
"21885",0.0879418358617962,0.29216935580998,0.0633480217092527,0.556540786618971
"21886",0.149005638996676,0.226539566860429,0.0614926444088149,0.56296214973408
"21887",0.196832759282191,0.13205875544306,0.351642129409012,0.319466355865737
"21888",0.0761115429429964,0.427891801744323,0.303658889139944,0.192337766172738
"21889",0.1996498932121,0.364166145397868,0.30285779279347,0.133326168596562
"21890",0.365979395337204,0.173001437965866,0.211731183953415,0.249287982743515
"21891",0.396389524444588,0.0527897271331728,0.362587620228823,0.188233128193417
"21892",0.105048178901354,0.296612733435608,0.128389443255564,0.469949644407474
"21893",0.163714031662359,0.434404986545265,0.0916234458169945,0.310257535975382
"21894",0.190079565213471,0.0853698165461695,0.273635478031523,0.450915140208836
"21895",0.0486889135526022,0.0738823671436006,0.748642124737729,0.128786594566068
"21896",0.494973675921706,0.157788875954704,0.21968002810591,0.127557420017681
"21897",0.240710854403098,0.3436183442777,0.307555162469466,0.108115638849735
"21898",0.20247441336304,0.265776121936113,0.248798500744768,0.282950963956079
"21899",0.258944656018607,0.098339912489431,0.507449989920475,0.135265441571487
"21900",0.111123917695837,0.132539983397188,0.166946686260767,0.589389412646208
"21901",0.178405115416247,0.621086666895224,0.0369392678729944,0.163568949815535
"21902",0.100891902828109,0.148283559167934,0.501560492870045,0.249264045133911
"21903",0.0575419337881592,0.0830203460908154,0.707991826426847,0.151445893694178
"21904",0.325037128970707,0.0876417112864564,0.163814557303712,0.423506602439125
"21905",0.0671427406937941,0.288257834238187,0.245420353814949,0.399179071253069
"21906",0.08474643962521,0.231624287752073,0.0738706457049678,0.609758626917749
"21907",0.0776492544040202,0.337926861657196,0.15833775873471,0.426086125204074
"21908",0.371753600810465,0.23107405531331,0.222635438096072,0.174536905780152
"21909",0.240357628247076,0.069733120822345,0.417721983554099,0.27218726737648
"21910",0.314154184683572,0.245769798597813,0.10164210807591,0.338433908642705
"21911",0.221817095912148,0.402298026424415,0.210432733749098,0.165452143914339
"21912",0.151141848561365,0.472968590556375,0.0497350244407457,0.326154536441514
"21913",0.223350909820458,0.24066803259681,0.144173583533594,0.391807474049138
"21914",0.0904255501078424,0.135323537522727,0.172396698234544,0.601854214134887
"21915",0.248140628276413,0.12643771127804,0.283473291182149,0.341948369263398
"21916",0.0854297500667432,0.202038537879572,0.245135861044314,0.46739585100937
"21917",0.162746660712678,0.14913956184343,0.20870009649483,0.479413680949062
"21918",0.0584316970708545,0.0872516656278285,0.569071965639855,0.285244671661462
"21919",0.174989692995208,0.0738484610262656,0.558695059037447,0.192466786941079
"21920",0.17346765777043,0.205302308277099,0.163880746106818,0.457349287845654
"21921",0.151060628720444,0.538481858891969,0.107772648983633,0.202684863403953
"21922",0.271306995839591,0.351595153154758,0.107600022565222,0.26949782844043
"21923",0.125679515468115,0.0831955825083299,0.230415707590308,0.560709194433247
"21924",0.255796924858069,0.18901167562586,0.192735143623135,0.362456255892936
"21925",0.421737210484819,0.180768550383851,0.258002668015361,0.139491571115969
"21926",0.423527882646043,0.0840222400224218,0.0954772788803797,0.396972598451156
"21927",0.110326707369008,0.240777466622786,0.347949678015961,0.300946147992244
"21928",0.158688054235904,0.39719075366736,0.130704227921918,0.313416964174818
"21929",0.139623256256277,0.140229490035601,0.160114330531594,0.560032923176528
"21930",0.0695876113947354,0.266870850703914,0.193564879514697,0.469976658386653
"21931",0.150080857438067,0.274948717741639,0.108173307883351,0.466797116936943
"21932",0.0686860699171701,0.0526936493519085,0.593529622520901,0.28509065821002
"21933",0.105119585150342,0.29240426813686,0.0835862868184667,0.518889859894331
"21934",0.140264214334849,0.343779976450517,0.162896953631143,0.353058855583492
"21935",0.174954615695631,0.225351120316193,0.132997373850427,0.466696890137749
"21936",0.200372832046231,0.215979413777849,0.197186810770259,0.38646094340566
"21937",0.0797035481478408,0.179467151097804,0.416158934378788,0.324670366375568
"21938",0.0746685744007011,0.38688525744175,0.173424635883293,0.365021532274257
"21939",0.137497164851907,0.314426796906044,0.112681587385955,0.435394450856094
"21940",0.287336905052275,0.27365730588824,0.134921759725201,0.304084029334284
"21941",0.152297647038529,0.134640270468374,0.181432711673976,0.53162937081912
"21942",0.246822280132999,0.340007971960823,0.162729461838659,0.250440286067519
"21943",0.135549290451613,0.400508170080581,0.136507263665515,0.32743527580229
"21944",0.128145969261103,0.331012753897869,0.219243757853063,0.321597518987964
"21945",0.125516455259085,0.297135864607218,0.141173169918925,0.436174510214772
"21946",0.319697195883432,0.187736971873708,0.131911220399209,0.360654611843652
"21947",0.536357334856995,0.180567607341017,0.0570761987614058,0.225998859040583
"21948",0.0874879148019878,0.459221010747344,0.287795576855672,0.165495497594996
"21949",0.1682972711734,0.261707898872096,0.17555825144735,0.394436578507154
"21950",0.104746683146289,0.360873182956982,0.136113691608227,0.398266442288501
"21951",0.100584384685612,0.25622067237293,0.209714246808451,0.433480696133006
"21952",0.433008707420833,0.113530975856769,0.0857259137677578,0.367734402954641
"21953",0.33803632595302,0.275161880729598,0.0524203635882334,0.334381429729149
"21954",0.165196860387683,0.073391800971022,0.220058175434079,0.541353163207215
"21955",0.397232197831743,0.101416004096994,0.177306862489773,0.32404493558149
"21956",0.103421484438413,0.135875862115089,0.134228827946874,0.626473825499624
"21957",0.445621567556306,0.10231834588461,0.192263072091984,0.2597970144671
"21958",0.0449779685648651,0.579085006257357,0.154837796551429,0.221099228626349
"21959",0.0662353324070643,0.116811866764791,0.068135005871047,0.748817794957097
"21960",0.142930892415835,0.552576888612466,0.0590110912864222,0.245481127685276
"21961",0.215036653080869,0.103830802069308,0.317879014507582,0.36325353034224
"21962",0.669079166482634,0.131015470030996,0.0390802031126947,0.160825160373676
"21963",0.0993505642626808,0.439907789015072,0.310578115082378,0.150163531639869
"21964",0.187950397983721,0.0440753207010855,0.601909810091656,0.166064471223538
"21965",0.0834400520352101,0.063234088296442,0.258689243290757,0.594636616377591
"21966",0.0915358246642038,0.0681048044990165,0.296013090028462,0.544346280808317
"21967",0.530682647400187,0.0365268432074866,0.232432923646149,0.200357585746178
"21968",0.262386483274466,0.430769280756698,0.0688723382457893,0.237971897723046
"21969",0.0612633409993179,0.143317311102534,0.173490517774122,0.621928830124027
"21970",0.173374250187565,0.113532200922247,0.100017368290206,0.613076180599983
"21971",0.151276930939459,0.335832311215334,0.40120156018317,0.111689197662037
"21972",0.220287983992002,0.117611513215837,0.172969542403091,0.48913096038907
"21973",0.388532910788244,0.132079074138919,0.0347479182317928,0.444640096841044
"21974",0.475705680575112,0.194361686468663,0.0741584975003275,0.255774135455897
"21975",0.064014772445232,0.101371521963549,0.258114266653067,0.576499438938152
"21976",0.385553300943866,0.209642043826725,0.248143717054391,0.156660938175018
"21977",0.132942877635588,0.389117606927588,0.192964814092661,0.284974701344162
"21978",0.192935588360471,0.0626949136651655,0.267944522892738,0.476424975081626
"21979",0.27162381057465,0.200737825912667,0.0489696614942224,0.478668702018461
"21980",0.0752890015317891,0.487185334760633,0.150510637073104,0.287015026634474
"21981",0.137819863667112,0.277617339146554,0.219850190887519,0.364712606298815
"21982",0.152691851032545,0.201785804639121,0.20137088374777,0.444151460580564
"21983",0.0427867969021902,0.0671441353188485,0.177310704847446,0.712758362931515
"21984",0.162000899411846,0.271824934292645,0.138508466224612,0.427665700070898
"21985",0.0638594989726872,0.643219713784639,0.042166110002575,0.250754677240099
"21986",0.133817343574095,0.120445327817871,0.553039199445432,0.192698129162601
"21987",0.0707960027263535,0.385088277653253,0.130256162730153,0.41385955689024
"21988",0.287076155225568,0.23194585405528,0.185919038034607,0.295058952684545
"21989",0.0737770855013588,0.283994371898707,0.271813261535997,0.370415281063937
"21990",0.0381575553939793,0.348942303571587,0.200297898959422,0.412602242075012
"21991",0.176160127667046,0.169629166035602,0.135152304991936,0.519058401305416
"21992",0.171349662239973,0.215043342223297,0.0710933514154631,0.542513644121267
"21993",0.0788483300983082,0.6207946186593,0.0546637897337069,0.245693261508685
"21994",0.0796007579373071,0.223697698176068,0.571867857300224,0.124833686586402
"21995",0.0594511537493439,0.188125999103929,0.408985761169458,0.343437085977269
"21996",0.316304739603265,0.244061768008545,0.0585209665197082,0.381112525868482
"21997",0.329651131822123,0.0948100147110988,0.244247005216918,0.33129184824986
"21998",0.324676328448362,0.1335076208385,0.103882900734699,0.437933149978439
"21999",0.0918628707581237,0.560404312708452,0.114328782204419,0.233404034329005
"22000",0.503412870348147,0.0635734655401205,0.215388813922754,0.217624850188979
"22001",0.109763809840577,0.437804363563358,0.314577084925022,0.137854741671044
"22002",0.118924167721419,0.519356761162134,0.086068336718066,0.275650734398381
"22003",0.0680334924048325,0.234612822969793,0.544023910171406,0.153329774453968
"22004",0.421786905813463,0.182975837551192,0.107755637227547,0.287481619407797
"22005",0.222068983825671,0.0799727260402658,0.293367213292067,0.404591076841996
"22006",0.0446173009952538,0.299296274363609,0.255892056198149,0.400194368442987
"22007",0.25292810421711,0.354844855427041,0.198738494324485,0.193488546031364
"22008",0.0456715298814149,0.165998400622537,0.545447555179792,0.242882514316256
"22009",0.273718429054371,0.124448216356235,0.259682506062647,0.342150848526747
"22010",0.132937001416096,0.46995269913741,0.0829568074745831,0.314153491971911
"22011",0.0958140742600339,0.247094194346861,0.411849484746476,0.245242246646629
"22012",0.248772329617412,0.177138493314049,0.121652550497357,0.452436626571183
"22013",0.283950700907476,0.0736422363528178,0.44423896735127,0.198168095388436
"22014",0.147487381998217,0.145402114796311,0.466489349461802,0.24062115374367
"22015",0.0890297741414158,0.08391735061596,0.514937815364949,0.312115059877676
"22016",0.109470056252376,0.335103792186519,0.104531802427051,0.450894349134055
"22017",0.0689475144371143,0.693737930689723,0.0535944814400047,0.183720073433158
"22018",0.2803049044379,0.194840394182636,0.232883146403216,0.291971554976248
"22019",0.277078886967988,0.112741340746137,0.42727429156307,0.182905480722805
"22020",0.154861239848537,0.144087643909794,0.368851727718273,0.332199388523395
"22021",0.0830322535022172,0.253828853438161,0.404505707124979,0.258633185934642
"22022",0.454246343057789,0.0406585003073046,0.158121836800494,0.346973319834413
"22023",0.269959089456212,0.0444153868628302,0.442713561664418,0.24291196201654
"22024",0.294907510340886,0.0875904689196044,0.154183005000582,0.463319015738927
"22025",0.421553726394286,0.153428751440782,0.0600584661581309,0.364959056006801
"22026",0.689259511658014,0.0959689579771743,0.0381598878577182,0.176611642507093
"22027",0.366631082966509,0.157790428494624,0.113856460997861,0.361722027541007
"22028",0.41276913323047,0.134737782641144,0.09485528387651,0.357637800251876
"22029",0.109305720880614,0.116961818564406,0.139624434182565,0.634108026372415
"22030",0.36193032256039,0.0728415041900193,0.325674985218835,0.239553188030756
"22031",0.240629360472388,0.238342343642437,0.0469694142733858,0.47405888161179
"22032",0.130738629800137,0.245365608106434,0.130050725032082,0.493845037061347
"22033",0.0884143955345925,0.123724309754248,0.547498510851227,0.240362783859933
"22034",0.721088684308989,0.0894037606006093,0.0657281279832279,0.123779427107174
"22035",0.414934094585575,0.0786384312140062,0.084252275564471,0.422175198635948
"22036",0.477341758525062,0.305208546412591,0.0674993250296708,0.149950370032676
"22037",0.205859744620179,0.186389890748626,0.0561004993569944,0.551649865274201
"22038",0.116593778265256,0.314561172864088,0.0803935377345472,0.488451511136109
"22039",0.406415745572407,0.302041927915653,0.076475413617876,0.215066912894064
"22040",0.193952731523893,0.452467513466989,0.13633973498725,0.217240020021869
"22041",0.196037241229435,0.0686396775088369,0.572486434515706,0.162836646746022
"22042",0.30280517253215,0.181183883174358,0.304582392014844,0.211428552278649
"22043",0.160562073099341,0.600762745977797,0.0676707960907767,0.171004384832086
"22044",0.108793306780606,0.121094825349868,0.295723763985377,0.474388103884149
"22045",0.10255778937415,0.504823092893466,0.19523057131657,0.197388546415814
"22046",0.18087217770615,0.165603800246472,0.334895509266793,0.318628512780585
"22047",0.214688856000511,0.505101104180336,0.0852176384814387,0.194992401337714
"22048",0.10073312035706,0.679420266291136,0.0612921854613275,0.158554427890477
"22049",0.116133463487208,0.515436865974305,0.118948413662098,0.249481256876389
"22050",0.207690154319601,0.264288513645624,0.42596242724114,0.102058904793634
"22051",0.0884255150448273,0.136071584018936,0.621344593990147,0.154158306946089
"22052",0.186986866364708,0.396299852793489,0.209261896326039,0.207451384515763
"22053",0.0908515764787954,0.526084927367292,0.196361412439008,0.186702083714904
"22054",0.14488517957941,0.112986682894363,0.601948131915342,0.140180005610885
"22055",0.181397768881238,0.165594510512627,0.505445531843223,0.147562188762912
"22056",0.24986203073144,0.185881430082268,0.400385197943873,0.163871341242419
"22057",0.422377388819697,0.0992788737098653,0.307733622345425,0.170610115125012
